0 0 0.152303 0.000000
0 1 1.526293 0.000000
0 2 1.550876 0.000000
0 3 -0.200746 0.000000
0 4 0.985648 0.000000
0 5 0.976911 0.000000
0 6 4.799250 0.000000
0 7 3.674362 0.000000
0 8 3.386267 0.000000
0 9 0.970878 0.000000
0 10 0.457987 0.000000
0 11 0.892524 0.000000
0 12 1.113009 0.000000
0 13 0.565974 0.000000
0 14 1.214192 0.000000
0 15 1.244395 0.000000
0 16 0.187997 0.000000
0 17 1.192622 0.000000
0 18 0.574458 0.000000
0 19 1.203492 0.000000
0 20 0.009544 0.000000
0 21 0.147359 0.000000
0 22 0.569343 0.000000
0 23 0.907242 0.000000
0 24 1.762813 0.000000
0 25 29.484445 0.000000
0 26 15.490813 0.000000
0 27 1.404350 0.000000
0 28 0.062460 0.000000
0 29 0.402569 0.000000
0 30 0.473300 0.000000
0 31 0.602554 0.000000
0 32 1.034511 0.000000
0 33 0.879846 0.000000
0 34 21.195368 0.000000
0 35 0.182662 0.000000
0 36 0.565672 0.000000
0 37 0.693797 0.000000
0 38 0.874520 0.000000
0 39 0.988998 0.000000
0 40 0.853968 0.000000
0 41 16.174470 0.000000
0 42 1.487348 0.000000
0 43 1.820096 0.000000
0 44 2.742022 0.000000
0 45 2.470730 0.000000
0 46 -0.073349 0.000000
0 47 -1.075399 0.000000
0 48 0.661868 0.000000
0 49 0.424087 0.000000
0 50 0.086303 0.000000
0 51 0.295426 0.000000
0 52 -0.083391 0.000000
0 53 0.458876 0.000000
0 54 2.538415 0.000000
0 55 0.360397 0.000000
0 56 2.236157 0.000000
0 57 2.107871 0.000000
0 58 1.743803 0.000000
0 59 1.446523 0.000000
0 60 1.654741 0.000000
0 61 2.486987 0.000000
0 62 2.805790 0.000000
0 63 0.958948 0.000000
0 64 -1.649028 0.000000
0 65 -0.072167 0.000000
0 66 0.520208 0.000000
0 67 -0.352731 0.000000
0 68 -0.149304 0.000000
0 69 -0.652805 0.000000
0 70 -1.153732 0.000000
0 71 -0.995303 0.000000
0 72 -0.242617 0.000000
0 73 -0.039574 0.000000
0 74 19.474613 0.000000
0 75 15.944924 0.000000
0 76 0.067217 0.000000
0 77 0.303128 0.000000
0 78 -1.081807 0.000000
0 79 -0.397435 0.000000
0 80 0.413136 0.000000
0 81 -0.362369 0.000000
0 82 0.331230 0.000000
0 83 0.332921 0.000000
0 84 -2.163549 0.000000
0 85 -0.042101 0.000000
0 86 0.540156 0.000000
0 87 7.997745 0.000000
0 88 -0.708826 0.000000
0 89 0.746342 0.000000
0 90 0.751417 0.000000
0 91 0.348638 0.000000
0 92 0.199518 0.000000
0 93 0.597965 0.000000
0 94 -0.832201 0.000000
0 95 -1.036404 0.000000
0 96 21.406894 0.000000
0 97 -0.317552 0.000000
0 98 -0.119004 0.000000
0 99 -0.239998 0.000000
0 100 0.326040 0.000000
0 101 1.134368 0.000000
0 102 0.603245 0.000000
0 103 1.402610 0.000000
0 104 1.801583 0.000000
0 105 0.949628 0.000000
0 106 26.750285 0.000000
0 107 1.808471 0.000000
0 108 2.014963 0.000000
0 109 2.279349 0.000000
0 110 0.944661 0.000000
0 111 11.660811 0.000000
0 112 12.939516 0.000000
0 113 17.751453 0.000000
0 114 14.192966 0.000000
0 115 3.227901 0.000000
0 116 3.415861 0.000000
0 117 0.497454 0.000000
0 118 0.958899 0.000000
0 119 1.892821 0.000000
0 120 32.597390 0.000000
0 121 20.281289 0.000000
0 122 3.064942 0.000000
0 123 -0.119004 0.000000
0 124 -0.262880 0.000000
0 125 -0.280495 0.000000
0 126 -0.430948 0.000000
0 127 -0.061413 0.000000
0 128 -0.326664 0.000000
0 129 -0.239998 0.000000
0 130 -0.127482 0.000000
0 131 -0.257584 0.000000
0 132 -0.771879 0.000000
0 133 -0.376911 0.000000
0 134 0.326040 0.000000
0 135 0.180782 0.000000
0 136 -1.092199 0.000000
0 137 -0.331278 0.000000
0 138 0.817478 0.000000
0 139 0.783914 0.000000
0 140 0.993008 0.000000
0 141 1.004697 0.000000
0 142 0.383192 0.000000
0 143 0.555677 0.000000
0 144 0.626385 0.000000
0 145 0.465232 0.000000
0 146 0.399501 0.000000
0 147 0.729473 0.000000
0 148 1.962517 0.000000
0 149 33.228612 0.000000
0 150 23.457966 0.000000
1 0 0.800120 0.000000
1 1 1.127929 0.000000
1 2 1.936681 0.000000
1 3 8.964711 0.000000
1 4 7.847766 0.000000
1 5 1.978414 0.000000
1 6 0.615476 0.000000
1 7 -1.050994 0.000000
1 8 -0.652186 0.000000
1 9 -1.203970 0.000000
1 10 -0.410532 0.000000
1 11 2.932843 0.000000
1 12 41.946417 0.000000
1 13 48.832518 0.000000
1 14 45.935000 0.000000
1 15 60.869918 0.000000
1 16 49.299430 0.000000
1 17 54.874105 0.000000
1 18 43.706238 0.000000
1 19 46.687181 0.000000
1 20 48.484477 0.000000
1 21 21.113295 0.000000
1 22 20.222311 0.000000
1 23 31.119462 0.000000
1 24 19.793027 0.000000
1 25 -0.074790 0.000000
1 26 11.775921 0.000000
1 27 10.897769 0.000000
1 28 14.731985 0.000000
1 29 7.909174 0.000000
1 30 5.131962 0.000000
1 31 11.572717 0.000000
1 32 19.692200 0.000000
1 33 15.620154 0.000000
1 34 3.798777 0.000000
1 35 3.492672 0.000000
1 36 17.241621 0.000000
1 37 13.883343 0.000000
1 38 19.241420 0.000000
1 39 8.080276 0.000000
1 40 6.420608 0.000000
1 41 18.524195 0.000000
1 42 22.768329 0.000000
1 43 10.967755 0.000000
1 44 7.440911 0.000000
1 45 4.630508 0.000000
1 46 7.737590 0.000000
1 47 0.556832 0.000000
1 48 43.331471 0.000000
1 49 52.771605 0.000000
1 50 83.990752 0.000000
1 51 16.422921 0.000000
1 52 24.039079 0.000000
1 53 50.079873 0.000000
1 54 15.941220 0.000000
1 55 22.638190 0.000000
1 56 20.262981 0.000000
1 57 3.727867 0.000000
1 58 40.909244 0.000000
1 59 30.570251 0.000000
1 60 8.873363 0.000000
1 61 20.414104 0.000000
1 62 39.974858 0.000000
1 63 1.605981 0.000000
1 64 -2.662024 0.000000
1 65 -1.408588 0.000000
1 66 1.037024 0.000000
1 67 0.988265 0.000000
1 68 -0.821857 0.000000
1 69 2.494218 0.000000
1 70 2.885073 0.000000
1 71 -2.707372 0.000000
1 72 1.046144 0.000000
1 73 -1.984479 0.000000
1 74 8.539139 0.000000
1 75 13.584978 0.000000
1 76 27.210119 0.000000
1 77 33.540818 0.000000
1 78 55.904719 0.000000
1 79 31.560158 0.000000
1 80 45.369376 0.000000
1 81 29.293755 0.000000
1 82 52.541169 0.000000
1 83 45.934937 0.000000
1 84 35.903616 0.000000
1 85 85.453372 0.000000
1 86 71.616508 0.000000
1 87 33.141526 0.000000
1 88 7.772578 0.000000
1 89 9.695137 0.000000
1 90 145.596733 0.000000
1 91 132.669760 0.000000
1 92 -0.568369 0.000000
1 93 -1.593297 0.000000
1 94 -2.098262 0.000000
1 95 0.198338 0.000000
1 96 11.491694 0.000000
1 97 162.582725 0.000000
1 98 47.623496 0.000000
1 99 118.939922 0.000000
1 100 126.198909 0.000000
1 101 67.592104 0.000000
1 102 13.173921 0.000000
1 103 21.283497 0.000000
1 104 19.535874 0.000000
1 105 31.097431 0.000000
1 106 18.290876 0.000000
1 107 20.886151 0.000000
1 108 -3.939784 0.000000
1 109 -0.568369 0.000000
1 110 -0.689594 0.000000
1 111 -1.443382 0.000000
1 112 -0.505467 0.000000
1 113 -0.456692 0.000000
1 114 -0.327031 0.000000
1 115 -1.593297 0.000000
1 116 -1.537680 0.000000
1 117 -1.110526 0.000000
1 118 -0.742362 0.000000
1 119 -1.336255 0.000000
1 120 -1.374060 0.000000
1 121 -1.546871 0.000000
1 122 -1.559961 0.000000
1 123 -1.873887 0.000000
1 124 -1.952506 0.000000
1 125 17.623555 0.000000
1 126 29.501703 0.000000
1 127 16.515675 0.000000
1 128 21.016662 0.000000
2 0 1.767462 0.000000
2 1 1.452400 0.000000
2 2 1.878227 0.000000
2 3 1.040987 0.000000
2 4 0.526024 0.000000
2 5 0.953021 0.000000
2 6 -0.099214 0.000000
2 7 1.234986 0.000000
2 8 2.123150 0.000000
2 9 0.560248 0.000000
2 10 0.446811 0.000000
2 11 0.676050 0.000000
2 12 0.713754 0.000000
2 13 3.718236 0.000000
2 14 5.304889 0.000000
2 15 0.845009 0.000000
2 16 0.883608 0.000000
2 17 0.987027 0.000000
2 18 0.833671 0.000000
2 19 -0.261783 0.000000
2 20 -0.102206 0.000000
2 21 1.226481 0.000000
2 22 1.015871 0.000000
2 23 1.163163 0.000000
2 24 1.084320 0.000000
2 25 0.028942 0.000000
2 26 0.328151 0.000000
2 27 0.317112 0.000000
2 28 0.603542 0.000000
2 29 0.583620 0.000000
2 30 1.500011 0.000000
2 31 1.647493 0.000000
2 32 0.880237 0.000000
2 33 0.454687 0.000000
2 34 0.811576 0.000000
2 35 0.455435 0.000000
2 36 0.848009 0.000000
2 37 0.641810 0.000000
2 38 1.155450 0.000000
2 39 1.361898 0.000000
2 40 0.993414 0.000000
2 41 2.653310 0.000000
2 42 3.402100 0.000000
2 43 0.397309 0.000000
2 44 -1.290335 0.000000
2 45 1.173087 0.000000
2 46 0.455493 0.000000
2 47 -0.500260 0.000000
2 48 0.861367 0.000000
2 49 -0.462491 0.000000
2 50 16.669370 0.000000
2 51 0.618371 0.000000
2 52 1.017431 0.000000
2 53 3.417920 0.000000
2 54 1.914407 0.000000
2 55 2.481576 0.000000
2 56 2.702860 0.000000
2 57 0.569133 0.000000
2 58 3.877085 0.000000
2 59 -0.720781 0.000000
2 60 -0.573296 0.000000
2 61 -0.614081 0.000000
2 62 -0.638477 0.000000
2 63 -1.052612 0.000000
2 64 0.215358 0.000000
2 65 -0.037568 0.000000
2 66 -0.857642 0.000000
2 67 -0.245368 0.000000
2 68 1.410621 0.000000
2 69 1.767486 0.000000
2 70 -0.036937 0.000000
2 71 -0.138159 0.000000
2 72 -0.190469 0.000000
2 73 -0.083648 0.000000
2 74 4.200442 0.000000
2 75 -0.042480 0.000000
2 76 -1.348853 0.000000
2 77 0.090836 0.000000
2 78 0.135191 0.000000
2 79 0.417209 0.000000
2 80 0.802761 0.000000
2 81 0.414347 0.000000
2 82 -1.367545 0.000000
2 83 0.497756 0.000000
2 84 0.257117 0.000000
2 85 0.582321 0.000000
2 86 -0.029126 0.000000
2 87 30.226461 0.000000
2 88 -0.088776 0.000000
2 89 0.319986 0.000000
2 90 0.044688 0.000000
2 91 -0.129100 0.000000
2 92 0.356479 0.000000
2 93 -0.269480 0.000000
2 94 1.951025 0.000000
2 95 24.375913 0.000000
2 96 1.943391 0.000000
2 97 2.549666 0.000000
2 98 18.915071 0.000000
2 99 3.063623 0.000000
2 100 2.194974 0.000000
2 101 6.640426 0.000000
2 102 3.740491 0.000000
2 103 2.838270 0.000000
2 104 2.606004 0.000000
2 105 -0.225013 0.000000
2 106 -0.138597 0.000000
2 107 1.159603 0.000000
2 108 1.096913 0.000000
2 109 1.210462 0.000000
2 110 0.936559 0.000000
2 111 -0.129100 0.000000
2 112 -0.098862 0.000000
2 113 -0.074861 0.000000
2 114 -0.178051 0.000000
2 115 -0.062669 0.000000
2 116 0.356479 0.000000
2 117 0.317595 0.000000
2 118 0.260471 0.000000
2 119 0.415501 0.000000
2 120 0.510048 0.000000
2 121 0.365298 0.000000
2 122 -0.398084 0.000000
2 123 -0.200194 0.000000
2 124 -0.337948 0.000000
2 125 -0.136643 0.000000
2 126 1.033904 0.000000
2 127 0.973137 0.000000
2 128 1.217081 0.000000
3 0 -1.782294 0.000000
3 1 -0.589895 0.000000
3 2 0.496017 0.000000
3 3 -1.432484 0.000000
3 4 -0.987290 0.000000
3 5 -0.976802 0.000000
3 6 -0.222855 0.000000
3 7 0.308771 0.000000
3 8 -0.644471 0.000000
3 9 -1.969311 0.000000
3 10 -2.177935 0.000000
3 11 -1.416918 0.000000
3 12 -1.366850 0.000000
3 13 -1.717773 0.000000
3 14 -0.450348 0.000000
3 15 10.039905 0.000000
3 16 -2.346359 0.000000
3 17 -0.403389 0.000000
3 18 -0.032499 0.000000
3 19 -0.883348 0.000000
3 20 -1.781225 0.000000
3 21 -0.989092 0.000000
3 22 -1.870813 0.000000
3 23 -4.514211 0.000000
3 24 -2.394318 0.000000
3 25 -1.573059 0.000000
3 26 2.943935 0.000000
3 27 -1.155485 0.000000
3 28 -4.075212 0.000000
3 29 3.987588 0.000000
3 30 -0.293210 0.000000
3 31 -0.810004 0.000000
3 32 -2.749756 0.000000
3 33 -1.145273 0.000000
3 34 -2.522077 0.000000
3 35 -4.686991 0.000000
3 36 -0.300822 0.000000
3 37 -3.081847 0.000000
3 38 -1.738306 0.000000
3 39 -2.152430 0.000000
3 40 -1.534303 0.000000
3 41 -0.586616 0.000000
3 42 -0.428136 0.000000
3 43 -0.384531 0.000000
3 44 -1.195488 0.000000
3 45 -2.689696 0.000000
3 46 -1.606055 0.000000
3 47 -2.254577 0.000000
3 48 -2.176719 0.000000
3 49 0.050438 0.000000
3 50 -1.818399 0.000000
3 51 -1.812547 0.000000
3 52 -2.180506 0.000000
3 53 -1.753990 0.000000
3 54 -0.779464 0.000000
3 55 -0.286327 0.000000
3 56 -0.234774 0.000000
3 57 -0.306881 0.000000
3 58 -0.222130 0.000000
3 59 0.346108 0.000000
3 60 -2.826492 0.000000
3 61 -1.383864 0.000000
3 62 -2.388767 0.000000
3 63 2.846204 0.000000
3 64 -0.788922 0.000000
3 65 -0.780216 0.000000
3 66 -1.033045 0.000000
3 67 -2.046209 0.000000
3 68 -2.248341 0.000000
3 69 -1.937423 0.000000
3 70 -2.270420 0.000000
3 71 -0.715612 0.000000
3 72 -1.899076 0.000000
3 73 -0.449413 0.000000
3 74 -1.684552 0.000000
3 75 -1.716521 0.000000
3 76 -0.669086 0.000000
3 77 16.879370 0.000000
3 78 0.524053 0.000000
3 79 0.778383 0.000000
3 80 -2.618372 0.000000
3 81 -2.971288 0.000000
3 82 -2.878880 0.000000
3 83 -2.774773 0.000000
3 84 -3.904430 0.000000
3 85 -2.060754 0.000000
3 86 13.737535 0.000000
3 87 19.647609 0.000000
3 88 -3.344547 0.000000
3 89 -2.818652 0.000000
3 90 -2.719661 0.000000
3 91 -2.981149 0.000000
3 92 -3.073185 0.000000
3 93 4.670175 0.000000
3 94 -1.859530 0.000000
3 95 -2.926788 0.000000
3 96 -3.126467 0.000000
3 97 -3.873394 0.000000
3 98 -2.975026 0.000000
3 99 -2.883823 0.000000
3 100 -2.301903 0.000000
3 101 -3.256414 0.000000
3 102 -1.572228 0.000000
3 103 -3.489874 0.000000
3 104 -0.636322 0.000000
3 105 29.135618 0.000000
3 106 -1.010528 0.000000
3 107 8.190302 0.000000
3 108 -2.457375 0.000000
3 109 -1.432038 0.000000
3 110 -1.755775 0.000000
3 111 -1.890328 0.000000
3 112 -1.425545 0.000000
3 113 -0.546438 0.000000
3 114 -1.603052 0.000000
3 115 -0.959448 0.000000
3 116 1.317064 0.000000
3 117 0.031222 0.000000
3 118 12.936174 0.000000
3 119 1.189732 0.000000
3 120 34.852503 0.000000
3 121 5.964831 0.000000
3 122 5.168849 0.000000
3 123 -0.619502 0.000000
3 124 0.322574 0.000000
3 125 3.545117 0.000000
3 126 16.049305 0.000000
3 127 -0.587684 0.000000
3 128 -4.395403 0.000000
3 129 -2.311197 0.000000
3 130 -1.480765 0.000000
3 131 1.859300 0.000000
3 132 1.148119 0.000000
3 133 -3.768567 0.000000
3 134 3.188492 0.000000
3 135 -2.044862 0.000000
3 136 -1.755775 0.000000
3 137 -1.903771 0.000000
3 138 -1.813480 0.000000
3 139 -1.894274 0.000000
3 140 -2.491119 0.000000
3 141 -2.263010 0.000000
3 142 -1.890328 0.000000
3 143 -1.871735 0.000000
3 144 -3.905471 0.000000
3 145 -2.379511 0.000000
3 146 -2.124547 0.000000
3 147 -1.425545 0.000000
3 148 -1.213424 0.000000
3 149 -1.400945 0.000000
3 150 -1.492624 0.000000
3 151 -1.276684 0.000000
3 152 -0.613897 0.000000
3 153 -0.554343 0.000000
3 154 -0.714483 0.000000
3 155 -3.543522 0.000000
3 156 -1.956341 0.000000
3 157 -1.827098 0.000000
3 158 0.027676 0.000000
3 159 -4.048969 0.000000
3 160 -1.845220 0.000000
3 161 -0.912561 0.000000
3 162 1.349149 0.000000
3 163 1.778760 0.000000
3 164 -3.758818 0.000000
3 165 2.592135 0.000000
4 0 1.283873 0.000000
4 1 4.510772 0.000000
4 2 1.612852 0.000000
4 3 2.397542 0.000000
4 4 -0.048297 0.000000
4 5 -0.232472 0.000000
4 6 0.875716 0.000000
4 7 2.521274 0.000000
4 8 0.537013 0.000000
4 9 4.292661 0.000000
4 10 26.932426 0.000000
4 11 19.850375 0.000000
4 12 26.683977 0.000000
4 13 17.150167 0.000000
4 14 19.904459 0.000000
4 15 5.452987 0.000000
4 16 43.152160 0.000000
4 17 12.889527 0.000000
4 18 69.116049 0.000000
4 19 0.607122 0.000000
4 20 10.065875 0.000000
4 21 91.253608 0.000000
4 22 81.447807 0.000000
4 23 17.076050 0.000000
4 24 18.787873 0.000000
4 25 95.002434 0.000000
4 26 6.212432 0.000000
4 27 26.446308 0.000000
4 28 18.094443 0.000000
4 29 1.525110 0.000000
4 30 50.004761 0.000000
4 31 56.325567 0.000000
4 32 62.407691 0.000000
4 33 10.049099 0.000000
4 34 49.357593 0.000000
4 35 -0.046515 0.000000
4 36 37.969671 0.000000
4 37 10.958846 0.000000
4 38 2.191141 0.000000
4 39 9.580209 0.000000
4 40 41.496721 0.000000
4 41 49.093531 0.000000
4 42 52.029110 0.000000
4 43 10.449570 0.000000
4 44 47.024051 0.000000
4 45 0.303643 0.000000
4 46 42.872364 0.000000
4 47 11.201763 0.000000
4 48 -0.051588 0.000000
4 49 10.243059 0.000000
4 50 6.247224 0.000000
4 51 3.576229 0.000000
4 52 0.463621 0.000000
4 53 -0.280483 0.000000
4 54 15.671898 0.000000
4 55 84.769729 0.000000
4 56 6.412320 0.000000
4 57 94.548825 0.000000
4 58 59.109414 0.000000
4 59 69.333289 0.000000
4 60 22.537436 0.000000
4 61 26.854176 0.000000
4 62 28.145256 0.000000
4 63 75.411059 0.000000
4 64 5.174170 0.000000
4 65 9.410800 0.000000
4 66 -2.263060 0.000000
4 67 9.479775 0.000000
4 68 44.947913 0.000000
4 69 1.760819 0.000000
4 70 21.089024 0.000000
4 71 14.083217 0.000000
4 72 6.406885 0.000000
4 73 7.867964 0.000000
4 74 0.078670 0.000000
4 75 2.286604 0.000000
4 76 -2.043563 0.000000
4 77 -2.470531 0.000000
4 78 -1.642225 0.000000
4 79 11.963215 0.000000
4 80 10.943225 0.000000
4 81 -1.717871 0.000000
4 82 6.621800 0.000000
4 83 33.272756 0.000000
4 84 24.096157 0.000000
4 85 20.512527 0.000000
4 86 44.104788 0.000000
4 87 11.285684 0.000000
4 88 15.248344 0.000000
4 89 8.455032 0.000000
4 90 9.741130 0.000000
4 91 5.663375 0.000000
4 92 9.746649 0.000000
4 93 170.700444 0.000000
4 94 138.784311 0.000000
4 95 53.057398 0.000000
4 96 31.791753 0.000000
4 97 18.569454 0.000000
4 98 104.186643 0.000000
4 99 13.112018 0.000000
4 100 62.596614 0.000000
4 101 147.357915 0.000000
4 102 0.453100 0.000000
4 103 1.188140 0.000000
4 104 2.312196 0.000000
4 105 1.112032 0.000000
4 106 6.100470 0.000000
4 107 2.410518 0.000000
4 108 2.142307 0.000000
4 109 8.460638 0.000000
4 110 3.521175 0.000000
4 111 1.953506 0.000000
4 112 63.598251 0.000000
4 113 185.895663 0.000000
4 114 39.504978 0.000000
4 115 47.525086 0.000000
4 116 27.795960 0.000000
4 117 148.415303 0.000000
4 118 55.018355 0.000000
4 119 68.460482 0.000000
4 120 141.828176 0.000000
4 121 114.956959 0.000000
4 122 143.264268 0.000000
4 123 37.826908 0.000000
4 124 134.689249 0.000000
4 125 40.395816 0.000000
4 126 146.464943 0.000000
4 127 5.543357 0.000000
4 128 46.234181 0.000000
4 129 48.472564 0.000000
4 130 1.392122 0.000000
4 131 1.188140 0.000000
4 132 1.031041 0.000000
4 133 0.965588 0.000000
4 134 1.391842 0.000000
4 135 1.095821 0.000000
4 136 1.214840 0.000000
4 137 2.312196 0.000000
4 138 2.153819 0.000000
4 139 1.961734 0.000000
4 140 2.123372 0.000000
4 141 2.077526 0.000000
4 142 1.112032 0.000000
4 143 1.277798 0.000000
4 144 0.715633 0.000000
4 145 1.223673 0.000000
4 146 1.233445 0.000000
4 147 6.294866 0.000000
4 148 6.329146 0.000000
4 149 2.063250 0.000000
4 150 2.341385 0.000000
4 151 2.330944 0.000000
4 152 2.103543 0.000000
4 153 2.425149 0.000000
4 154 2.092300 0.000000
4 155 2.259923 0.000000
4 156 145.644309 0.000000
4 157 40.386966 0.000000
4 158 136.586781 0.000000
4 159 39.307551 0.000000
4 160 153.080824 0.000000
4 161 6.909699 0.000000
4 162 51.207567 0.000000
4 163 46.844051 0.000000
5 0 -1.356631 0.000000
5 1 0.771398 0.000000
5 2 9.996065 0.000000
5 3 68.849458 0.000000
5 4 66.921932 0.000000
5 5 52.657157 0.000000
5 6 81.053345 0.000000
5 7 66.567585 0.000000
5 8 59.814022 0.000000
5 9 1.045945 0.000000
5 10 113.844695 0.000000
5 11 29.479053 0.000000
5 12 26.850212 0.000000
5 13 45.613316 0.000000
5 14 133.491582 0.000000
5 15 114.613137 0.000000
5 16 35.613799 0.000000
5 17 46.747749 0.000000
5 18 45.596022 0.000000
5 19 115.071754 0.000000
5 20 146.050911 0.000000
5 21 123.998121 0.000000
5 22 187.037676 0.000000
5 23 202.782888 0.000000
5 24 0.074825 0.000000
5 25 221.235061 0.000000
5 26 -2.885230 0.000000
5 27 5.094123 0.000000
5 28 220.962233 0.000000
5 29 216.511311 0.000000
5 30 0.304420 0.000000
5 31 167.959576 0.000000
5 32 195.004013 0.000000
5 33 9.184538 0.000000
5 34 176.120894 0.000000
5 35 -2.381416 0.000000
5 36 0.303595 0.000000
5 37 184.820098 0.000000
5 38 201.901830 0.000000
5 39 166.834489 0.000000
5 40 0.267722 0.000000
5 41 167.055310 0.000000
5 42 203.115161 0.000000
5 43 2.246256 0.000000
5 44 188.116400 0.000000
5 45 -0.681708 0.000000
5 46 5.471222 0.000000
5 47 182.809442 0.000000
5 48 189.458215 0.000000
5 49 168.448653 0.000000
5 50 1.703367 0.000000
5 51 36.511059 0.000000
5 52 57.169154 0.000000
5 53 10.166625 0.000000
5 54 101.500052 0.000000
5 55 54.438333 0.000000
5 56 31.820480 0.000000
5 57 7.619001 0.000000
5 58 106.045108 0.000000
5 59 76.722143 0.000000
5 60 11.057153 0.000000
5 61 76.691998 0.000000
5 62 7.931091 0.000000
5 63 14.017667 0.000000
5 64 77.628459 0.000000
5 65 0.675292 0.000000
5 66 38.829281 0.000000
5 67 4.453151 0.000000
5 68 47.878536 0.000000
5 69 46.858854 0.000000
5 70 79.894467 0.000000
5 71 98.691055 0.000000
5 72 -0.894912 0.000000
5 73 45.206317 0.000000
5 74 36.642757 0.000000
5 75 41.891675 0.000000
5 76 -0.589078 0.000000
5 77 47.050771 0.000000
5 78 -0.393499 0.000000
5 79 58.397441 0.000000
5 80 44.224717 0.000000
5 81 8.997769 0.000000
5 82 56.052287 0.000000
5 83 5.338947 0.000000
5 84 24.125003 0.000000
5 85 21.036827 0.000000
5 86 23.910351 0.000000
5 87 18.627834 0.000000
5 88 35.039198 0.000000
5 89 23.614627 0.000000
5 90 88.088445 0.000000
5 91 41.169578 0.000000
5 92 67.960228 0.000000
5 93 103.989461 0.000000
5 94 110.074804 0.000000
5 95 77.819764 0.000000
5 96 45.527687 0.000000
5 97 22.298494 0.000000
5 98 15.274673 0.000000
5 99 9.304337 0.000000
5 100 57.880124 0.000000
5 101 170.688121 0.000000
5 102 12.425753 0.000000
5 103 146.354262 0.000000
5 104 135.273385 0.000000
5 105 140.882059 0.000000
5 106 -1.971663 0.000000
5 107 -1.401627 0.000000
5 108 -0.786187 0.000000
5 109 11.649706 0.000000
5 110 23.652426 0.000000
5 111 10.287217 0.000000
5 112 297.148609 0.000000
5 113 438.586343 0.000000
5 114 39.229693 0.000000
5 115 338.273774 0.000000
5 116 402.945552 0.000000
5 117 315.632799 0.000000
5 118 21.775665 0.000000
5 119 0.116127 0.000000
5 120 279.745167 0.000000
5 121 4.949755 0.000000
5 122 -2.721736 0.000000
5 123 269.556840 0.000000
5 124 271.029898 0.000000
5 125 -3.330396 0.000000
5 126 -1.971663 0.000000
5 127 -1.439770 0.000000
5 128 -2.451227 0.000000
5 129 -3.159782 0.000000
5 130 -3.195335 0.000000
5 131 -2.363839 0.000000
5 132 -1.401627 0.000000
5 133 -1.089478 0.000000
5 134 -1.289182 0.000000
5 135 -1.109896 0.000000
5 136 -1.132713 0.000000
5 137 -1.441305 0.000000
5 138 -1.535774 0.000000
5 139 -2.057915 0.000000
5 140 -2.150746 0.000000
5 141 -0.965500 0.000000
5 142 0.096015 0.000000
5 143 279.266681 0.000000
5 144 4.924093 0.000000
5 145 -2.738948 0.000000
5 146 266.238480 0.000000
5 147 272.015639 0.000000
6 0 0.656460 0.000000
6 1 1.254870 0.000000
6 2 1.259604 0.000000
6 3 1.442050 0.000000
6 4 1.842477 0.000000
6 5 3.205558 0.000000
6 6 6.927720 0.000000
6 7 1.400898 0.000000
6 8 0.998069 0.000000
6 9 -0.641901 0.000000
6 10 2.416266 0.000000
6 11 0.037328 0.000000
6 12 2.435717 0.000000
6 13 -0.523804 0.000000
6 14 0.256768 0.000000
6 15 -0.368055 0.000000
6 16 0.270767 0.000000
6 17 0.469366 0.000000
6 18 0.236789 0.000000
6 19 0.151184 0.000000
6 20 0.088432 0.000000
6 21 0.516760 0.000000
6 22 0.608755 0.000000
6 23 0.425785 0.000000
6 24 0.834962 0.000000
6 25 -0.911103 0.000000
6 26 5.365347 0.000000
6 27 0.811687 0.000000
6 28 -0.503629 0.000000
6 29 19.796063 0.000000
6 30 11.786667 0.000000
6 31 0.885980 0.000000
6 32 0.003595 0.000000
6 33 0.262076 0.000000
6 34 0.344400 0.000000
6 35 0.201788 0.000000
6 36 7.674661 0.000000
6 37 0.963627 0.000000
6 38 2.496043 0.000000
6 39 0.742800 0.000000
6 40 0.718809 0.000000
6 41 1.218094 0.000000
6 42 4.498342 0.000000
6 43 0.215798 0.000000
6 44 0.145213 0.000000
6 45 -0.205865 0.000000
6 46 0.351035 0.000000
6 47 4.277359 0.000000
6 48 2.874961 0.000000
6 49 0.525767 0.000000
6 50 5.578620 0.000000
6 51 0.639735 0.000000
6 52 1.092188 0.000000
6 53 5.237359 0.000000
6 54 1.305423 0.000000
6 55 0.069164 0.000000
6 56 1.023362 0.000000
6 57 1.024240 0.000000
6 58 0.097831 0.000000
6 59 -0.962338 0.000000
6 60 -1.126833 0.000000
6 61 0.286097 0.000000
6 62 -0.083018 0.000000
6 63 0.459478 0.000000
6 64 -0.121868 0.000000
6 65 5.218021 0.000000
6 66 0.518303 0.000000
6 67 0.686351 0.000000
6 68 -0.421060 0.000000
6 69 0.631736 0.000000
6 70 -0.717177 0.000000
6 71 1.999925 0.000000
6 72 2.862626 0.000000
6 73 1.593763 0.000000
6 74 1.402027 0.000000
6 75 1.792175 0.000000
6 76 1.824648 0.000000
6 77 0.433194 0.000000
6 78 0.342170 0.000000
6 79 2.370324 0.000000
6 80 0.477804 0.000000
6 81 1.258094 0.000000
6 82 -0.970013 0.000000
6 83 -0.229467 0.000000
6 84 -0.868363 0.000000
6 85 -0.097925 0.000000
6 86 1.334748 0.000000
6 87 -1.094066 0.000000
6 88 -1.838640 0.000000
6 89 -1.048517 0.000000
6 90 -1.221412 0.000000
6 91 0.393072 0.000000
6 92 0.023417 0.000000
6 93 0.119909 0.000000
6 94 6.716327 0.000000
6 95 1.969671 0.000000
6 96 -0.792081 0.000000
6 97 -0.641699 0.000000
6 98 -1.031183 0.000000
6 99 -0.528726 0.000000
6 100 -1.695699 0.000000
6 101 -0.361687 0.000000
6 102 -0.621876 0.000000
6 103 -0.926710 0.000000
6 104 -0.619924 0.000000
6 105 -0.411320 0.000000
6 106 -1.053918 0.000000
6 107 -0.263443 0.000000
6 108 6.006974 0.000000
6 109 -0.459337 0.000000
6 110 -0.616602 0.000000
6 111 -0.358048 0.000000
6 112 0.113538 0.000000
6 113 -0.271967 0.000000
6 114 0.138852 0.000000
6 115 -0.406745 0.000000
6 116 0.322515 0.000000
6 117 0.180247 0.000000
6 118 -0.218705 0.000000
6 119 -1.304804 0.000000
6 120 -0.569011 0.000000
6 121 -0.350121 0.000000
6 122 -0.612846 0.000000
6 123 -0.449274 0.000000
6 124 0.096872 0.000000
6 125 -0.229665 0.000000
6 126 0.899318 0.000000
6 127 -0.453771 0.000000
6 128 0.967281 0.000000
6 129 0.089575 0.000000
6 130 0.327472 0.000000
6 131 -0.755155 0.000000
6 132 0.649585 0.000000
6 133 11.101538 0.000000
6 134 9.613771 0.000000
6 135 -0.458793 0.000000
6 136 12.858646 0.000000
6 137 3.163634 0.000000
6 138 2.749138 0.000000
6 139 2.724279 0.000000
6 140 1.918208 0.000000
6 141 -0.807830 0.000000
6 142 16.403127 0.000000
6 143 0.769542 0.000000
6 144 -0.429996 0.000000
6 145 27.411701 0.000000
6 146 24.954879 0.000000
6 147 -0.233836 0.000000
6 148 0.096872 0.000000
6 149 -0.141899 0.000000
6 150 -0.203897 0.000000
6 151 -0.467438 0.000000
6 152 -0.179586 0.000000
6 153 -0.153815 0.000000
6 154 -0.229665 0.000000
6 155 -0.057856 0.000000
6 156 0.138050 0.000000
6 157 -0.046137 0.000000
6 158 -0.047662 0.000000
6 159 -0.174276 0.000000
6 160 0.899318 0.000000
6 161 0.684991 0.000000
6 162 0.546769 0.000000
6 163 -0.233836 0.000000
6 164 -0.134966 0.000000
6 165 0.204232 0.000000
6 166 -0.065707 0.000000
6 167 -0.133215 0.000000
6 168 -0.031556 0.000000
6 169 -0.306604 0.000000
6 170 -0.580037 0.000000
6 171 -0.562875 0.000000
6 172 -0.486601 0.000000
6 173 0.727925 0.000000
6 174 0.840827 0.000000
6 175 -0.660179 0.000000
6 176 16.970999 0.000000
6 177 0.798322 0.000000
6 178 -0.412987 0.000000
6 179 27.983173 0.000000
6 180 25.938525 0.000000
7 0 0.295648 0.000000
7 1 1.178108 0.000000
7 2 1.388018 0.000000
7 3 2.809172 0.000000
7 4 1.379451 0.000000
7 5 0.897084 0.000000
7 6 1.367340 0.000000
7 7 0.731512 0.000000
7 8 1.308808 0.000000
7 9 6.072370 0.000000
7 10 1.914289 0.000000
7 11 2.575453 0.000000
7 12 8.916985 0.000000
7 13 5.044517 0.000000
7 14 0.257503 0.000000
7 15 0.431418 0.000000
7 16 0.242861 0.000000
7 17 0.592728 0.000000
7 18 -0.363237 0.000000
7 19 0.604267 0.000000
7 20 0.670419 0.000000
7 21 0.038731 0.000000
7 22 0.807028 0.000000
7 23 0.834423 0.000000
7 24 0.432046 0.000000
7 25 0.879947 0.000000
7 26 0.544193 0.000000
7 27 0.380522 0.000000
7 28 0.758119 0.000000
7 29 -0.949241 0.000000
7 30 -0.346923 0.000000
7 31 -0.441034 0.000000
7 32 1.525802 0.000000
7 33 0.451463 0.000000
7 34 15.950660 0.000000
7 35 0.710970 0.000000
7 36 -0.384588 0.000000
7 37 -0.778824 0.000000
7 38 0.571185 0.000000
7 39 2.296831 0.000000
7 40 0.021385 0.000000
7 41 -0.171551 0.000000
7 42 -0.088598 0.000000
7 43 0.213995 0.000000
7 44 0.648855 0.000000
7 45 0.618507 0.000000
7 46 2.185122 0.000000
7 47 0.329238 0.000000
7 48 -1.326503 0.000000
7 49 0.963319 0.000000
7 50 0.855663 0.000000
7 51 0.137128 0.000000
7 52 1.011548 0.000000
7 53 -0.898509 0.000000
7 54 0.652459 0.000000
7 55 0.793461 0.000000
7 56 1.105654 0.000000
7 57 1.395537 0.000000
7 58 2.598261 0.000000
7 59 0.999081 0.000000
7 60 4.851434 0.000000
7 61 4.427724 0.000000
7 62 -0.480391 0.000000
7 63 -0.811060 0.000000
7 64 -0.780023 0.000000
7 65 0.170520 0.000000
7 66 0.536420 0.000000
7 67 0.138492 0.000000
7 68 -0.338961 0.000000
7 69 0.181848 0.000000
7 70 -0.216605 0.000000
7 71 0.013242 0.000000
7 72 0.879991 0.000000
7 73 0.499257 0.000000
7 74 5.226510 0.000000
7 75 1.666120 0.000000
7 76 -0.983944 0.000000
7 77 1.590977 0.000000
7 78 1.610403 0.000000
7 79 2.014422 0.000000
7 80 1.648489 0.000000
7 81 1.555031 0.000000
7 82 3.576954 0.000000
7 83 0.063505 0.000000
7 84 1.431283 0.000000
7 85 1.056031 0.000000
7 86 -0.324860 0.000000
7 87 -0.365988 0.000000
7 88 -0.808327 0.000000
7 89 0.060855 0.000000
7 90 0.284825 0.000000
7 91 1.519079 0.000000
7 92 -0.584534 0.000000
7 93 11.115341 0.000000
7 94 7.688034 0.000000
7 95 -1.487279 0.000000
7 96 -0.423716 0.000000
7 97 -0.678028 0.000000
7 98 -0.324479 0.000000
7 99 -0.873895 0.000000
7 100 -0.041006 0.000000
7 101 -0.035982 0.000000
7 102 -1.052629 0.000000
7 103 -0.089652 0.000000
7 104 -0.448688 0.000000
7 105 -0.127931 0.000000
7 106 -0.316458 0.000000
7 107 -0.483546 0.000000
7 108 -0.741267 0.000000
7 109 -0.238150 0.000000
7 110 -0.381825 0.000000
7 111 -0.100326 0.000000
7 112 0.170020 0.000000
7 113 0.179255 0.000000
7 114 0.005410 0.000000
7 115 0.122853 0.000000
7 116 -0.146273 0.000000
7 117 0.042156 0.000000
7 118 -1.068048 0.000000
7 119 0.337064 0.000000
7 120 -0.114111 0.000000
7 121 -0.715606 0.000000
7 122 0.035682 0.000000
7 123 -0.405321 0.000000
7 124 0.873779 0.000000
7 125 3.089745 0.000000
7 126 1.022021 0.000000
7 127 3.817093 0.000000
7 128 3.309516 0.000000
7 129 8.744394 0.000000
7 130 0.608594 0.000000
7 131 17.871530 0.000000
7 132 7.157862 0.000000
7 133 2.399258 0.000000
7 134 -0.369051 0.000000
7 135 2.346999 0.000000
7 136 2.198466 0.000000
7 137 -0.938643 0.000000
7 138 -0.398137 0.000000
7 139 -0.339149 0.000000
7 140 3.381465 0.000000
7 141 16.149195 0.000000
7 142 0.717818 0.000000
7 143 15.319844 0.000000
7 144 -0.620999 0.000000
7 145 -0.114111 0.000000
7 146 -0.442055 0.000000
7 147 -0.555895 0.000000
7 148 -0.845431 0.000000
7 149 -1.594922 0.000000
7 150 -0.424687 0.000000
7 151 -0.715606 0.000000
7 152 -0.852557 0.000000
7 153 -0.827320 0.000000
7 154 -0.885051 0.000000
7 155 -0.783833 0.000000
7 156 -0.732129 0.000000
7 157 0.035682 0.000000
7 158 -0.095108 0.000000
7 159 -0.681633 0.000000
7 160 -0.170658 0.000000
7 161 -0.492967 0.000000
7 162 -0.316384 0.000000
7 163 -0.255556 0.000000
7 164 -0.273966 0.000000
7 165 0.228219 0.000000
7 166 0.517057 0.000000
7 167 2.553158 0.000000
7 168 1.953513 0.000000
7 169 2.085820 0.000000
7 170 2.766928 0.000000
7 171 -1.001877 0.000000
7 172 -0.273159 0.000000
7 173 -0.331388 0.000000
7 174 4.164144 0.000000
7 175 16.337133 0.000000
7 176 0.594186 0.000000
7 177 15.952764 0.000000
7 178 -0.546348 0.000000
8 0 1.811121 0.000000
8 1 2.151458 0.000000
8 2 2.381139 0.000000
8 3 0.502258 0.000000
8 4 1.298221 0.000000
8 5 1.054006 0.000000
8 6 1.951884 0.000000
8 7 1.825608 0.000000
8 8 1.996191 0.000000
8 9 1.926422 0.000000
8 10 1.940218 0.000000
8 11 2.074130 0.000000
8 12 1.996095 0.000000
8 13 2.343976 0.000000
8 14 2.175701 0.000000
8 15 1.577638 0.000000
8 16 2.149883 0.000000
8 17 1.977921 0.000000
8 18 2.119710 0.000000
8 19 1.984752 0.000000
8 20 1.406577 0.000000
8 21 1.513566 0.000000
8 22 2.221385 0.000000
8 23 1.424712 0.000000
8 24 1.164436 0.000000
8 25 1.081344 0.000000
8 26 1.943593 0.000000
8 27 1.681131 0.000000
8 28 2.127779 0.000000
8 29 1.141014 0.000000
8 30 1.588880 0.000000
8 31 1.687141 0.000000
8 32 1.563521 0.000000
8 33 1.257761 0.000000
8 34 1.615927 0.000000
8 35 1.754519 0.000000
8 36 0.623935 0.000000
8 37 1.863750 0.000000
8 38 0.851678 0.000000
8 39 1.840978 0.000000
8 40 1.648828 0.000000
8 41 2.200893 0.000000
8 42 1.014365 0.000000
8 43 1.483272 0.000000
8 44 1.505729 0.000000
8 45 1.759923 0.000000
8 46 0.451610 0.000000
8 47 1.425691 0.000000
8 48 1.837702 0.000000
8 49 1.769033 0.000000
8 50 2.287194 0.000000
8 51 1.598227 0.000000
8 52 1.860691 0.000000
8 53 0.814246 0.000000
8 54 2.165877 0.000000
8 55 1.847469 0.000000
8 56 1.497864 0.000000
8 57 3.130978 0.000000
8 58 2.861419 0.000000
8 59 0.720330 0.000000
8 60 1.081770 0.000000
8 61 1.478173 0.000000
8 62 1.277281 0.000000
8 63 0.395929 0.000000
8 64 1.290175 0.000000
8 65 1.576678 0.000000
8 66 1.407076 0.000000
8 67 1.603857 0.000000
8 68 1.086220 0.000000
8 69 2.577713 0.000000
8 70 2.914185 0.000000
8 71 3.576553 0.000000
8 72 3.006413 0.000000
8 73 2.820265 0.000000
8 74 2.968371 0.000000
8 75 3.277798 0.000000
8 76 3.217552 0.000000
8 77 3.088430 0.000000
8 78 3.265979 0.000000
8 79 2.445976 0.000000
8 80 3.439536 0.000000
8 81 3.220202 0.000000
8 82 1.868179 0.000000
8 83 2.283446 0.000000
8 84 -0.773143 0.000000
8 85 -0.593877 0.000000
8 86 -0.521603 0.000000
8 87 0.034611 0.000000
8 88 0.241767 0.000000
8 89 0.663959 0.000000
8 90 0.250526 0.000000
8 91 11.998018 0.000000
8 92 3.509489 0.000000
8 93 -0.668118 0.000000
8 94 0.371261 0.000000
8 95 0.629598 0.000000
8 96 0.756461 0.000000
8 97 0.663465 0.000000
8 98 0.795543 0.000000
8 99 0.797162 0.000000
8 100 -0.536751 0.000000
8 101 1.075585 0.000000
8 102 1.354951 0.000000
8 103 1.471901 0.000000
8 104 0.406833 0.000000
8 105 1.112817 0.000000
8 106 1.382479 0.000000
8 107 1.505614 0.000000
8 108 -0.462793 0.000000
8 109 1.145223 0.000000
8 110 1.363395 0.000000
8 111 1.231038 0.000000
8 112 1.374780 0.000000
8 113 1.122841 0.000000
8 114 0.774010 0.000000
8 115 0.665018 0.000000
8 116 1.252865 0.000000
8 117 1.444958 0.000000
8 118 1.236393 0.000000
8 119 1.179601 0.000000
8 120 0.871681 0.000000
8 121 0.863675 0.000000
8 122 1.714698 0.000000
8 123 2.464351 0.000000
8 124 2.237978 0.000000
8 125 2.859837 0.000000
8 126 2.426235 0.000000
8 127 2.314355 0.000000
8 128 1.684237 0.000000
8 129 4.409317 0.000000
8 130 3.854492 0.000000
8 131 4.252677 0.000000
8 132 3.574955 0.000000
8 133 2.754379 0.000000
8 134 3.426538 0.000000
8 135 3.758117 0.000000
8 136 3.014480 0.000000
8 137 1.829672 0.000000
8 138 1.693647 0.000000
8 139 2.385179 0.000000
8 140 3.968004 0.000000
8 141 1.969110 0.000000
8 142 1.245694 0.000000
8 143 0.782113 0.000000
8 144 0.871681 0.000000
8 145 0.730442 0.000000
8 146 0.649636 0.000000
8 147 0.636162 0.000000
8 148 0.691842 0.000000
8 149 0.857186 0.000000
8 150 0.863675 0.000000
8 151 0.976385 0.000000
8 152 0.888012 0.000000
8 153 1.068654 0.000000
8 154 1.034101 0.000000
8 155 0.786049 0.000000
8 156 1.704390 0.000000
8 157 1.760354 0.000000
8 158 1.619218 0.000000
8 159 2.546393 0.000000
8 160 1.510073 0.000000
8 161 1.680214 0.000000
8 162 0.338262 0.000000
8 163 2.285329 0.000000
8 164 4.239408 0.000000
8 165 1.644775 0.000000
8 166 -0.795071 0.000000
8 167 -1.273995 0.000000
9 0 2.277650 0.000000
9 1 2.838323 0.000000
9 2 3.482610 0.000000
9 3 2.508991 0.000000
9 4 4.491990 0.000000
9 5 2.313270 0.000000
9 6 3.730687 0.000000
9 7 2.838073 0.000000
9 8 2.820993 0.000000
9 9 2.105996 0.000000
9 10 2.453255 0.000000
9 11 2.259196 0.000000
9 12 3.230603 0.000000
9 13 2.708278 0.000000
9 14 2.969554 0.000000
9 15 2.169477 0.000000
9 16 1.695552 0.000000
9 17 2.604223 0.000000
9 18 3.969472 0.000000
9 19 13.392249 0.000000
9 20 1.981577 0.000000
9 21 0.935670 0.000000
9 22 1.213370 0.000000
9 23 1.504681 0.000000
9 24 2.213669 0.000000
9 25 4.152884 0.000000
9 26 1.984160 0.000000
9 27 1.828934 0.000000
9 28 6.523341 0.000000
9 29 3.373937 0.000000
9 30 2.264582 0.000000
9 31 1.350540 0.000000
9 32 1.461883 0.000000
9 33 2.443089 0.000000
9 34 3.044257 0.000000
9 35 1.979519 0.000000
9 36 1.772952 0.000000
9 37 6.413315 0.000000
9 38 2.858144 0.000000
9 39 2.387351 0.000000
9 40 1.637063 0.000000
9 41 3.718904 0.000000
9 42 4.401917 0.000000
9 43 1.464814 0.000000
9 44 2.988333 0.000000
9 45 1.513165 0.000000
9 46 1.049017 0.000000
9 47 1.700823 0.000000
9 48 1.655621 0.000000
9 49 0.669425 0.000000
9 50 2.027839 0.000000
9 51 3.671157 0.000000
9 52 7.039205 0.000000
9 53 2.299888 0.000000
9 54 4.991624 0.000000
9 55 2.318384 0.000000
9 56 25.976937 0.000000
9 57 2.955698 0.000000
9 58 3.536507 0.000000
9 59 3.724263 0.000000
9 60 2.741240 0.000000
9 61 2.951485 0.000000
9 62 1.719407 0.000000
9 63 0.636972 0.000000
9 64 1.624543 0.000000
9 65 1.063515 0.000000
9 66 1.327584 0.000000
9 67 1.262328 0.000000
9 68 1.027033 0.000000
9 69 1.470974 0.000000
9 70 3.314655 0.000000
9 71 1.047673 0.000000
9 72 1.286519 0.000000
9 73 1.078567 0.000000
9 74 1.045593 0.000000
9 75 1.978011 0.000000
9 76 1.547322 0.000000
9 77 -0.038368 0.000000
9 78 1.859894 0.000000
9 79 0.939045 0.000000
9 80 0.807106 0.000000
9 81 -0.698292 0.000000
9 82 1.241654 0.000000
9 83 1.724683 0.000000
9 84 1.570140 0.000000
9 85 1.309320 0.000000
9 86 1.556431 0.000000
9 87 93.068222 0.000000
9 88 2.985883 0.000000
9 89 8.208556 0.000000
9 90 0.698930 0.000000
9 91 1.570923 0.000000
9 92 1.678871 0.000000
9 93 4.956828 0.000000
9 94 3.441549 0.000000
9 95 20.209900 0.000000
9 96 6.671188 0.000000
9 97 4.092703 0.000000
9 98 3.375185 0.000000
9 99 2.948520 0.000000
9 100 3.321717 0.000000
9 101 2.416322 0.000000
9 102 10.673671 0.000000
9 103 26.877489 0.000000
9 104 49.402513 0.000000
9 105 7.279186 0.000000
9 106 5.247225 0.000000
9 107 15.170639 0.000000
9 108 1.977228 0.000000
9 109 0.557644 0.000000
9 110 1.019123 0.000000
9 111 0.698930 0.000000
9 112 0.700783 0.000000
9 113 0.475148 0.000000
9 114 0.285955 0.000000
9 115 0.708919 0.000000
9 116 0.767968 0.000000
9 117 1.570923 0.000000
9 118 1.690723 0.000000
9 119 1.550219 0.000000
9 120 1.486288 0.000000
9 121 1.216968 0.000000
9 122 1.671217 0.000000
9 123 1.664183 0.000000
9 124 1.757645 0.000000
9 125 4.469332 0.000000
9 126 3.830560 0.000000
9 127 4.523483 0.000000
9 128 4.670528 0.000000
9 129 5.433973 0.000000
9 130 15.396874 0.000000
9 131 1.919281 0.000000
9 132 0.825866 0.000000
10 0 1.065014 0.000000
10 1 1.500973 0.000000
10 2 1.919862 0.000000
10 3 3.452773 0.000000
10 4 4.719328 0.000000
10 5 5.939355 0.000000
10 6 4.130095 0.000000
10 7 2.529324 0.000000
10 8 2.356860 0.000000
10 9 2.826503 0.000000
10 10 3.124682 0.000000
10 11 4.229310 0.000000
10 12 1.294040 0.000000
10 13 1.599340 0.000000
10 14 1.175414 0.000000
10 15 1.502626 0.000000
10 16 1.574214 0.000000
10 17 1.769126 0.000000
10 18 1.740221 0.000000
10 19 1.642176 0.000000
10 20 1.647006 0.000000
10 21 1.462984 0.000000
10 22 3.132499 0.000000
10 23 0.554271 0.000000
10 24 12.956794 0.000000
10 25 0.872775 0.000000
10 26 2.930307 0.000000
10 27 1.116141 0.000000
10 28 0.967230 0.000000
10 29 0.512997 0.000000
10 30 2.384274 0.000000
10 31 1.255760 0.000000
10 32 3.861580 0.000000
10 33 0.514495 0.000000
10 34 2.620829 0.000000
10 35 0.075835 0.000000
10 36 0.806670 0.000000
10 37 0.821797 0.000000
10 38 1.969975 0.000000
10 39 6.688918 0.000000
10 40 1.311288 0.000000
10 41 0.711869 0.000000
10 42 1.625517 0.000000
10 43 1.268279 0.000000
10 44 4.664650 0.000000
10 45 0.927050 0.000000
10 46 8.082948 0.000000
10 47 0.744901 0.000000
10 48 1.088438 0.000000
10 49 0.815919 0.000000
10 50 1.518330 0.000000
10 51 7.556545 0.000000
10 52 1.281135 0.000000
10 53 2.852940 0.000000
10 54 1.630761 0.000000
10 55 3.327284 0.000000
10 56 0.053276 0.000000
10 57 0.598806 0.000000
10 58 0.406315 0.000000
10 59 0.631609 0.000000
10 60 0.463383 0.000000
10 61 0.878058 0.000000
10 62 0.395101 0.000000
10 63 1.242439 0.000000
10 64 0.331239 0.000000
10 65 0.351745 0.000000
10 66 2.132055 0.000000
10 67 2.833255 0.000000
10 68 7.481879 0.000000
10 69 2.370539 0.000000
10 70 2.128292 0.000000
10 71 2.570014 0.000000
10 72 2.920998 0.000000
10 73 2.427928 0.000000
10 74 2.955494 0.000000
10 75 2.589676 0.000000
10 76 3.106005 0.000000
10 77 5.140678 0.000000
10 78 0.308621 0.000000
10 79 1.661456 0.000000
10 80 0.312624 0.000000
10 81 0.886577 0.000000
10 82 0.237604 0.000000
10 83 0.458779 0.000000
10 84 0.110079 0.000000
10 85 -0.306612 0.000000
10 86 1.031216 0.000000
10 87 0.111023 0.000000
10 88 0.800178 0.000000
10 89 0.225046 0.000000
10 90 2.940241 0.000000
10 91 7.159030 0.000000
10 92 -0.064188 0.000000
10 93 0.029874 0.000000
10 94 -0.077701 0.000000
10 95 -0.059298 0.000000
10 96 0.381955 0.000000
10 97 0.327829 0.000000
10 98 0.289627 0.000000
10 99 0.480162 0.000000
10 100 0.657349 0.000000
10 101 -0.225768 0.000000
10 102 0.277642 0.000000
10 103 0.378886 0.000000
10 104 0.400639 0.000000
10 105 -1.631028 0.000000
10 106 -0.086172 0.000000
10 107 0.384025 0.000000
10 108 0.841560 0.000000
10 109 0.213347 0.000000
10 110 0.790761 0.000000
10 111 1.433833 0.000000
10 112 0.097003 0.000000
10 113 0.900235 0.000000
10 114 0.238744 0.000000
10 115 0.681879 0.000000
10 116 1.280785 0.000000
10 117 0.731893 0.000000
10 118 0.250480 0.000000
10 119 0.389810 0.000000
10 120 0.121041 0.000000
10 121 0.772403 0.000000
10 122 -0.070876 0.000000
10 123 0.610413 0.000000
10 124 1.635623 0.000000
10 125 1.825238 0.000000
10 126 0.819481 0.000000
10 127 2.163435 0.000000
10 128 2.846121 0.000000
10 129 7.337202 0.000000
10 130 36.692796 0.000000
10 131 2.373278 0.000000
10 132 2.609680 0.000000
10 133 0.039522 0.000000
10 134 2.880668 0.000000
10 135 24.240152 0.000000
10 136 4.068946 0.000000
10 137 0.214579 0.000000
10 138 1.026029 0.000000
10 139 15.077653 0.000000
10 140 2.494111 0.000000
10 141 0.853846 0.000000
10 142 1.873079 0.000000
10 143 0.389810 0.000000
10 144 0.071012 0.000000
10 145 -1.108210 0.000000
10 146 -0.476421 0.000000
10 147 0.069893 0.000000
10 148 0.204718 0.000000
10 149 0.121041 0.000000
10 150 -0.025504 0.000000
10 151 -0.047605 0.000000
10 152 -0.173999 0.000000
10 153 0.050664 0.000000
10 154 0.188144 0.000000
10 155 0.772403 0.000000
10 156 0.435781 0.000000
10 157 0.707534 0.000000
10 158 0.724688 0.000000
10 159 -0.226860 0.000000
10 160 -0.062608 0.000000
10 161 -0.119812 0.000000
10 162 0.091968 0.000000
10 163 -0.877678 0.000000
10 164 -0.026151 0.000000
10 165 0.394337 0.000000
10 166 0.534248 0.000000
10 167 1.369053 0.000000
10 168 1.492925 0.000000
10 169 3.972516 0.000000
10 170 0.063133 0.000000
10 171 1.012135 0.000000
10 172 15.216480 0.000000
10 173 2.725671 0.000000
10 174 0.908405 0.000000
11 0 2.383737 0.000000
11 1 2.396756 0.000000
11 2 2.964558 0.000000
11 3 3.747156 0.000000
11 4 1.226360 0.000000
11 5 1.176680 0.000000
11 6 2.298800 0.000000
11 7 2.116858 0.000000
11 8 2.875325 0.000000
11 9 2.464810 0.000000
11 10 2.827857 0.000000
11 11 2.944330 0.000000
11 12 2.920459 0.000000
11 13 2.360866 0.000000
11 14 2.623233 0.000000
11 15 2.355343 0.000000
11 16 1.477564 0.000000
11 17 1.915835 0.000000
11 18 2.290844 0.000000
11 19 2.611819 0.000000
11 20 1.618875 0.000000
11 21 2.606570 0.000000
11 22 12.053122 0.000000
11 23 1.545068 0.000000
11 24 17.477349 0.000000
11 25 1.005070 0.000000
11 26 1.174770 0.000000
11 27 3.598203 0.000000
11 28 14.146500 0.000000
11 29 4.530881 0.000000
11 30 2.523401 0.000000
11 31 1.186740 0.000000
11 32 2.785755 0.000000
11 33 1.234686 0.000000
11 34 2.474695 0.000000
11 35 12.273090 0.000000
11 36 3.447661 0.000000
11 37 2.461825 0.000000
11 38 1.058151 0.000000
11 39 2.091459 0.000000
11 40 1.387764 0.000000
11 41 4.064200 0.000000
11 42 0.776757 0.000000
11 43 0.372383 0.000000
11 44 1.306160 0.000000
11 45 0.777011 0.000000
11 46 1.558168 0.000000
11 47 1.392134 0.000000
11 48 1.125414 0.000000
11 49 0.192049 0.000000
11 50 1.627750 0.000000
11 51 1.170950 0.000000
11 52 3.087935 0.000000
11 53 10.871892 0.000000
11 54 3.005518 0.000000
11 55 3.216006 0.000000
11 56 3.214013 0.000000
11 57 2.974896 0.000000
11 58 2.745585 0.000000
11 59 3.445813 0.000000
11 60 -0.449851 0.000000
11 61 -0.877328 0.000000
11 62 0.278527 0.000000
11 63 0.052785 0.000000
11 64 1.241016 0.000000
11 65 0.526819 0.000000
11 66 -0.512682 0.000000
11 67 0.730588 0.000000
11 68 0.508681 0.000000
11 69 0.928326 0.000000
11 70 7.264844 0.000000
11 71 -0.182788 0.000000
11 72 1.292252 0.000000
11 73 1.160590 0.000000
11 74 1.235826 0.000000
11 75 1.283013 0.000000
11 76 0.082361 0.000000
11 77 0.946523 0.000000
11 78 1.191895 0.000000
11 79 1.312492 0.000000
11 80 -0.124878 0.000000
11 81 0.791016 0.000000
11 82 -0.014097 0.000000
11 83 1.207155 0.000000
11 84 1.382650 0.000000
11 85 1.085518 0.000000
11 86 1.044167 0.000000
11 87 1.549111 0.000000
11 88 0.565444 0.000000
11 89 1.044916 0.000000
11 90 1.395389 0.000000
11 91 1.399670 0.000000
11 92 0.921403 0.000000
11 93 0.965710 0.000000
11 94 0.936622 0.000000
11 95 1.917533 0.000000
11 96 1.661951 0.000000
11 97 3.618115 0.000000
11 98 5.402820 0.000000
11 99 7.174745 0.000000
11 100 2.460461 0.000000
11 101 35.921201 0.000000
11 102 2.788126 0.000000
11 103 7.599032 0.000000
11 104 6.962498 0.000000
11 105 2.344076 0.000000
11 106 6.513853 0.000000
11 107 101.301557 0.000000
11 108 5.502935 0.000000
11 109 4.947804 0.000000
11 110 1.765541 0.000000
11 111 18.437040 0.000000
11 112 2.908591 0.000000
11 113 1.230876 0.000000
11 114 3.538494 0.000000
11 115 0.965710 0.000000
11 116 0.992290 0.000000
11 117 1.121641 0.000000
11 118 0.635511 0.000000
11 119 0.936622 0.000000
11 120 0.862158 0.000000
11 121 0.882295 0.000000
11 122 0.699085 0.000000
11 123 -0.359369 0.000000
11 124 0.494988 0.000000
11 125 1.917533 0.000000
11 126 1.757370 0.000000
11 127 1.848929 0.000000
11 128 1.902741 0.000000
11 129 1.504423 0.000000
11 130 4.346443 0.000000
11 131 1.429824 0.000000
11 132 17.865968 0.000000
11 133 2.818548 0.000000
11 134 1.339331 0.000000
12 0 0.251403 0.000000
12 1 1.354927 0.000000
12 2 1.419779 0.000000
12 3 0.276431 0.000000
12 4 2.075377 0.000000
12 5 0.165503 0.000000
12 6 5.008200 0.000000
12 7 1.330700 0.000000
12 8 2.974007 0.000000
12 9 0.790270 0.000000
12 10 0.928023 0.000000
12 11 0.626995 0.000000
12 12 0.835699 0.000000
12 13 0.257511 0.000000
12 14 0.233908 0.000000
12 15 0.408085 0.000000
12 16 0.698077 0.000000
12 17 0.697667 0.000000
12 18 0.555358 0.000000
12 19 0.756831 0.000000
12 20 0.808052 0.000000
12 21 0.372718 0.000000
12 22 1.094526 0.000000
12 23 0.638724 0.000000
12 24 0.189590 0.000000
12 25 0.312866 0.000000
12 26 -1.190213 0.000000
12 27 3.745486 0.000000
12 28 -0.721056 0.000000
12 29 -0.532958 0.000000
12 30 0.040267 0.000000
12 31 16.610362 0.000000
12 32 0.898121 0.000000
12 33 0.797230 0.000000
12 34 1.343558 0.000000
12 35 -0.659116 0.000000
12 36 0.263441 0.000000
12 37 6.775851 0.000000
12 38 0.209753 0.000000
12 39 -0.481749 0.000000
12 40 -0.306216 0.000000
12 41 -0.442784 0.000000
12 42 4.013177 0.000000
12 43 0.414679 0.000000
12 44 1.468792 0.000000
12 45 -0.626187 0.000000
12 46 0.203949 0.000000
12 47 6.412063 0.000000
12 48 0.450106 0.000000
12 49 -0.042969 0.000000
12 50 -0.283793 0.000000
12 51 0.766421 0.000000
12 52 2.527459 0.000000
12 53 0.651633 0.000000
12 54 1.419311 0.000000
12 55 1.634381 0.000000
12 56 -0.089674 0.000000
12 57 -0.883519 0.000000
12 58 0.137088 0.000000
12 59 -0.024408 0.000000
12 60 -0.649763 0.000000
12 61 -0.295565 0.000000
12 62 0.371924 0.000000
12 63 -0.178026 0.000000
12 64 0.228608 0.000000
12 65 -0.292409 0.000000
12 66 1.579421 0.000000
12 67 1.259554 0.000000
12 68 1.611173 0.000000
12 69 1.505000 0.000000
12 70 1.996678 0.000000
12 71 2.029559 0.000000
12 72 1.277924 0.000000
12 73 1.917897 0.000000
12 74 0.566863 0.000000
12 75 1.599880 0.000000
12 76 2.087157 0.000000
12 77 1.675303 0.000000
12 78 1.761938 0.000000
12 79 1.256216 0.000000
12 80 -1.365742 0.000000
12 81 -1.862700 0.000000
12 82 0.358578 0.000000
12 83 0.882044 0.000000
12 84 -0.178471 0.000000
12 85 -0.784253 0.000000
12 86 -1.039988 0.000000
12 87 -0.556015 0.000000
12 88 -2.340530 0.000000
12 89 -0.412431 0.000000
12 90 23.647648 0.000000
12 91 14.310221 0.000000
12 92 -0.621727 0.000000
12 93 -0.640467 0.000000
12 94 -0.670424 0.000000
12 95 -0.190016 0.000000
12 96 -1.587843 0.000000
12 97 -0.361990 0.000000
12 98 -0.012245 0.000000
12 99 -0.028432 0.000000
12 100 0.362954 0.000000
12 101 -0.210113 0.000000
12 102 -0.183633 0.000000
12 103 -0.407968 0.000000
12 104 0.102502 0.000000
12 105 -2.361581 0.000000
12 106 -0.071656 0.000000
12 107 0.386348 0.000000
12 108 -0.244472 0.000000
12 109 0.377233 0.000000
12 110 0.125283 0.000000
12 111 0.233871 0.000000
12 112 0.163933 0.000000
12 113 -0.697065 0.000000
12 114 0.195430 0.000000
12 115 -0.387376 0.000000
12 116 0.093624 0.000000
12 117 -0.166624 0.000000
12 118 -0.014890 0.000000
12 119 6.230243 0.000000
12 120 0.405689 0.000000
12 121 10.689770 0.000000
12 122 0.801792 0.000000
12 123 0.141137 0.000000
12 124 2.344468 0.000000
12 125 1.531684 0.000000
12 126 1.391469 0.000000
12 127 11.680181 0.000000
12 128 0.539866 0.000000
12 129 0.512154 0.000000
12 130 2.200785 0.000000
12 131 1.095654 0.000000
12 132 2.665448 0.000000
12 133 5.720117 0.000000
12 134 -2.923330 0.000000
12 135 -0.091470 0.000000
12 136 -2.409413 0.000000
12 137 -2.219462 0.000000
12 138 19.791462 0.000000
12 139 -1.329314 0.000000
12 140 -0.166624 0.000000
12 141 -0.252652 0.000000
12 142 -0.408870 0.000000
12 143 -0.811084 0.000000
12 144 -0.418995 0.000000
12 145 -0.201246 0.000000
12 146 -0.014890 0.000000
12 147 0.002288 0.000000
12 148 0.063006 0.000000
12 149 0.187346 0.000000
12 150 -0.118133 0.000000
12 151 -0.230173 0.000000
12 152 6.230243 0.000000
12 153 5.814751 0.000000
12 154 5.858761 0.000000
12 155 0.584923 0.000000
12 156 0.624063 0.000000
12 157 0.243052 0.000000
12 158 10.606978 0.000000
12 159 6.063414 0.000000
12 160 -2.734425 0.000000
12 161 0.094758 0.000000
12 162 -2.524824 0.000000
12 163 -2.165052 0.000000
12 164 19.828430 0.000000
12 165 -1.307959 0.000000
13 0 -0.863611 0.000000
13 1 4.157196 0.000000
13 2 -0.089539 0.000000
13 3 -0.329879 0.000000
13 4 64.294174 0.000000
13 5 -0.059376 0.000000
13 6 59.104946 0.000000
13 7 60.582048 0.000000
13 8 63.240255 0.000000
13 9 54.460842 0.000000
13 10 57.125581 0.000000
13 11 0.119728 0.000000
13 12 0.368289 0.000000
13 13 86.728868 0.000000
13 14 83.962286 0.000000
13 15 71.001431 0.000000
13 16 9.963633 0.000000
13 17 16.524586 0.000000
13 18 7.297081 0.000000
13 19 65.239206 0.000000
13 20 73.974425 0.000000
13 21 68.858750 0.000000
13 22 -0.955786 0.000000
13 23 -0.761622 0.000000
13 24 16.438761 0.000000
13 25 6.109150 0.000000
13 26 -3.246253 0.000000
13 27 149.002449 0.000000
13 28 -2.953129 0.000000
13 29 -2.418343 0.000000
13 30 152.902348 0.000000
13 31 143.760539 0.000000
13 32 -1.294273 0.000000
13 33 0.876400 0.000000
13 34 -2.145718 0.000000
13 35 134.804742 0.000000
13 36 148.350215 0.000000
13 37 -1.832604 0.000000
13 38 133.926829 0.000000
13 39 -1.957626 0.000000
13 40 143.418873 0.000000
13 41 -0.711195 0.000000
13 42 126.983547 0.000000
13 43 152.260792 0.000000
13 44 -1.563663 0.000000
13 45 137.714101 0.000000
13 46 -1.341071 0.000000
13 47 -1.576503 0.000000
13 48 125.792437 0.000000
13 49 137.477735 0.000000
13 50 -1.613935 0.000000
13 51 128.474785 0.000000
13 52 -1.981199 0.000000
13 53 153.059768 0.000000
13 54 -0.023046 0.000000
13 55 129.145005 0.000000
13 56 150.264634 0.000000
13 57 -1.468768 0.000000
13 58 136.296043 0.000000
13 59 -1.279265 0.000000
13 60 17.084435 0.000000
13 61 10.725306 0.000000
13 62 103.236725 0.000000
13 63 0.130888 0.000000
13 64 -2.501200 0.000000
13 65 47.514275 0.000000
13 66 0.491924 0.000000
13 67 68.087643 0.000000
13 68 131.563315 0.000000
13 69 99.326103 0.000000
13 70 -0.352263 0.000000
13 71 33.355447 0.000000
13 72 34.378417 0.000000
13 73 -1.076463 0.000000
13 74 38.115032 0.000000
13 75 -1.505141 0.000000
13 76 -0.838691 0.000000
13 77 18.364161 0.000000
13 78 33.185627 0.000000
13 79 14.580414 0.000000
13 80 8.305405 0.000000
13 81 23.186402 0.000000
13 82 0.501389 0.000000
13 83 68.334494 0.000000
13 84 -1.854241 0.000000
13 85 28.592738 0.000000
13 86 0.005946 0.000000
13 87 -2.436892 0.000000
13 88 -2.142748 0.000000
13 89 39.445192 0.000000
13 90 36.607400 0.000000
13 91 40.209042 0.000000
13 92 -2.130150 0.000000
13 93 -2.353901 0.000000
13 94 36.433518 0.000000
13 95 47.491422 0.000000
13 96 41.758631 0.000000
13 97 -1.237304 0.000000
13 98 -1.699921 0.000000
13 99 -2.357325 0.000000
13 100 63.125156 0.000000
13 101 73.882203 0.000000
13 102 42.917411 0.000000
13 103 30.355210 0.000000
13 104 77.106119 0.000000
13 105 6.642956 0.000000
13 106 -2.140291 0.000000
13 107 40.304130 0.000000
13 108 4.146888 0.000000
13 109 8.460579 0.000000
13 110 4.803935 0.000000
13 111 -3.159960 0.000000
13 112 226.748818 0.000000
13 113 126.597951 0.000000
13 114 6.643647 0.000000
13 115 64.732078 0.000000
13 116 138.101091 0.000000
13 117 23.420164 0.000000
13 118 81.354778 0.000000
13 119 210.727306 0.000000
13 120 0.540086 0.000000
13 121 111.366420 0.000000
13 122 86.036851 0.000000
13 123 0.234419 0.000000
13 124 4.966133 0.000000
13 125 2.386151 0.000000
13 126 -0.846213 0.000000
13 127 -0.266500 0.000000
13 128 10.213418 0.000000
13 129 -0.633120 0.000000
13 130 9.842424 0.000000
13 131 -1.392535 0.000000
13 132 -1.079289 0.000000
13 133 159.368263 0.000000
13 134 -0.387141 0.000000
13 135 150.159233 0.000000
13 136 220.822792 0.000000
13 137 39.917920 0.000000
13 138 22.296983 0.000000
13 139 9.448384 0.000000
13 140 238.673054 0.000000
13 141 -2.987993 0.000000
13 142 180.096972 0.000000
13 143 -2.710144 0.000000
13 144 -2.131042 0.000000
13 145 168.221923 0.000000
13 146 167.206578 0.000000
13 147 -1.728841 0.000000
13 148 2.386151 0.000000
13 149 2.360000 0.000000
13 150 2.697278 0.000000
13 151 2.857776 0.000000
13 152 2.772755 0.000000
13 153 2.673485 0.000000
13 154 -0.846213 0.000000
13 155 -0.975848 0.000000
13 156 -0.787424 0.000000
13 157 -0.568202 0.000000
13 158 -0.525308 0.000000
13 159 -0.608512 0.000000
13 160 -0.266500 0.000000
13 161 -0.605105 0.000000
13 162 -0.545038 0.000000
13 163 10.363092 0.000000
13 164 10.443035 0.000000
13 165 10.474670 0.000000
13 166 10.446999 0.000000
13 167 -0.840260 0.000000
13 168 -2.981155 0.000000
13 169 179.302543 0.000000
13 170 -2.694895 0.000000
13 171 -2.126341 0.000000
13 172 166.104035 0.000000
13 173 166.879045 0.000000
14 0 1.338052 0.000000
14 1 2.221683 0.000000
14 2 10.475582 0.000000
14 3 2.727525 0.000000
14 4 2.710708 0.000000
14 5 5.513243 0.000000
14 6 84.921249 0.000000
14 7 77.256250 0.000000
14 8 2.427541 0.000000
14 9 54.337816 0.000000
14 10 46.573553 0.000000
14 11 77.826588 0.000000
14 12 1.120723 0.000000
14 13 37.383302 0.000000
14 14 1.503646 0.000000
14 15 76.550245 0.000000
14 16 1.182748 0.000000
14 17 62.393104 0.000000
14 18 18.426276 0.000000
14 19 14.037531 0.000000
14 20 19.573191 0.000000
14 21 10.873836 0.000000
14 22 114.951544 0.000000
14 23 0.830430 0.000000
14 24 8.282832 0.000000
14 25 3.872560 0.000000
14 26 8.913471 0.000000
14 27 9.265934 0.000000
14 28 11.096694 0.000000
14 29 -2.414168 0.000000
14 30 1.465799 0.000000
14 31 100.141054 0.000000
14 32 -3.450708 0.000000
14 33 7.898050 0.000000
14 34 5.131167 0.000000
14 35 8.552525 0.000000
14 36 18.250022 0.000000
14 37 13.524916 0.000000
14 38 3.271484 0.000000
14 39 3.434416 0.000000
14 40 98.634964 0.000000
14 41 1.436037 0.000000
14 42 52.280440 0.000000
14 43 2.926169 0.000000
14 44 16.900412 0.000000
14 45 14.455133 0.000000
14 46 26.886409 0.000000
14 47 46.851928 0.000000
14 48 -0.988152 0.000000
14 49 24.379080 0.000000
14 50 34.247656 0.000000
14 51 71.964586 0.000000
14 52 90.686305 0.000000
14 53 3.148286 0.000000
14 54 -1.327281 0.000000
14 55 2.913130 0.000000
14 56 13.361724 0.000000
14 57 11.582704 0.000000
14 58 7.731284 0.000000
14 59 42.259828 0.000000
14 60 52.803391 0.000000
14 61 11.975370 0.000000
14 62 0.861307 0.000000
14 63 1.012780 0.000000
14 64 0.124592 0.000000
14 65 0.531934 0.000000
14 66 2.923112 0.000000
14 67 -0.645275 0.000000
14 68 0.643921 0.000000
14 69 41.727829 0.000000
14 70 24.127529 0.000000
14 71 -0.941756 0.000000
14 72 45.915065 0.000000
14 73 32.094633 0.000000
14 74 36.824199 0.000000
14 75 49.785315 0.000000
14 76 -0.257791 0.000000
14 77 -1.097553 0.000000
14 78 43.891525 0.000000
14 79 57.321220 0.000000
14 80 50.974872 0.000000
14 81 63.952264 0.000000
14 82 207.999695 0.000000
14 83 219.101947 0.000000
14 84 34.277743 0.000000
14 85 45.665289 0.000000
14 86 -0.292102 0.000000
14 87 147.580252 0.000000
14 88 138.892577 0.000000
14 89 86.199444 0.000000
14 90 6.851829 0.000000
14 91 13.919704 0.000000
14 92 0.028775 0.000000
14 93 16.692697 0.000000
14 94 2.180218 0.000000
14 95 23.642820 0.000000
14 96 2.596426 0.000000
14 97 12.040334 0.000000
14 98 6.642010 0.000000
14 99 182.695122 0.000000
14 100 3.306376 0.000000
14 101 86.149771 0.000000
14 102 32.467320 0.000000
14 103 249.532434 0.000000
14 104 86.229871 0.000000
14 105 152.861135 0.000000
14 106 105.613148 0.000000
14 107 21.442761 0.000000
14 108 12.929080 0.000000
14 109 119.456686 0.000000
14 110 21.471550 0.000000
14 111 15.788965 0.000000
14 112 2.600592 0.000000
14 113 13.919704 0.000000
14 114 14.100391 0.000000
14 115 15.751267 0.000000
14 116 15.651342 0.000000
14 117 0.028775 0.000000
14 118 0.959476 0.000000
14 119 1.182687 0.000000
14 120 1.083029 0.000000
14 121 0.739151 0.000000
14 122 0.511343 0.000000
14 123 18.622105 0.000000
14 124 17.555377 0.000000
14 125 3.076702 0.000000
14 126 3.150411 0.000000
14 127 2.114892 0.000000
14 128 2.578837 0.000000
14 129 22.175294 0.000000
14 130 13.111464 0.000000
14 131 119.987148 0.000000
14 132 21.894794 0.000000
14 133 15.830290 0.000000
15 0 1.391764 0.000000
15 1 2.028658 0.000000
15 2 2.272352 0.000000
15 3 0.796781 0.000000
15 4 1.520171 0.000000
15 5 0.934375 0.000000
15 6 1.873595 0.000000
15 7 4.079775 0.000000
15 8 8.720134 0.000000
15 9 1.168283 0.000000
15 10 0.812519 0.000000
15 11 0.029045 0.000000
15 12 1.246953 0.000000
15 13 3.565302 0.000000
15 14 0.404517 0.000000
15 15 0.840321 0.000000
15 16 3.437824 0.000000
15 17 0.547195 0.000000
15 18 0.655993 0.000000
15 19 0.845051 0.000000
15 20 0.696837 0.000000
15 21 33.933337 0.000000
15 22 1.192680 0.000000
15 23 35.095735 0.000000
15 24 41.961306 0.000000
15 25 1.254680 0.000000
15 26 1.461018 0.000000
15 27 38.364336 0.000000
15 28 1.835360 0.000000
15 29 19.750690 0.000000
15 30 26.727842 0.000000
15 31 1.199009 0.000000
15 32 18.273817 0.000000
15 33 21.580004 0.000000
15 34 27.149389 0.000000
15 35 21.130160 0.000000
15 36 1.473536 0.000000
15 37 21.418506 0.000000
15 38 22.787026 0.000000
15 39 1.404606 0.000000
15 40 20.247712 0.000000
15 41 15.606607 0.000000
15 42 21.076824 0.000000
15 43 1.030779 0.000000
15 44 25.255935 0.000000
15 45 16.061016 0.000000
15 46 21.342734 0.000000
15 47 17.627785 0.000000
15 48 1.011161 0.000000
15 49 23.571786 0.000000
15 50 17.645080 0.000000
15 51 1.534515 0.000000
15 52 22.747351 0.000000
15 53 1.308793 0.000000
15 54 2.601930 0.000000
15 55 8.176592 0.000000
15 56 0.484196 0.000000
15 57 30.546651 0.000000
15 58 8.048684 0.000000
15 59 1.852349 0.000000
15 60 12.833816 0.000000
15 61 0.750245 0.000000
15 62 14.377179 0.000000
15 63 -0.116538 0.000000
15 64 0.203572 0.000000
15 65 1.107016 0.000000
15 66 1.570805 0.000000
15 67 2.506121 0.000000
15 68 2.386978 0.000000
15 69 2.203146 0.000000
15 70 1.389088 0.000000
15 71 1.810315 0.000000
15 72 1.329740 0.000000
15 73 8.999732 0.000000
15 74 3.020846 0.000000
15 75 1.795093 0.000000
15 76 3.038103 0.000000
15 77 2.311119 0.000000
15 78 13.612079 0.000000
15 79 -0.765269 0.000000
15 80 -0.852798 0.000000
15 81 -1.432847 0.000000
15 82 -0.465683 0.000000
15 83 0.742098 0.000000
15 84 -1.601141 0.000000
15 85 0.035483 0.000000
15 86 -0.392738 0.000000
15 87 25.851476 0.000000
15 88 18.600935 0.000000
15 89 -1.498982 0.000000
15 90 3.954829 0.000000
15 91 -1.974442 0.000000
15 92 0.212272 0.000000
15 93 -0.430758 0.000000
15 94 -0.863041 0.000000
15 95 1.681650 0.000000
15 96 1.876532 0.000000
15 97 0.061287 0.000000
15 98 -0.035072 0.000000
15 99 -0.129701 0.000000
15 100 0.439076 0.000000
15 101 0.051471 0.000000
15 102 33.647092 0.000000
15 103 17.354907 0.000000
15 104 0.649108 0.000000
15 105 2.492315 0.000000
15 106 44.809057 0.000000
15 107 33.461507 0.000000
15 108 87.045226 0.000000
15 109 0.639143 0.000000
15 110 7.274188 0.000000
15 111 11.477326 0.000000
15 112 0.592600 0.000000
15 113 14.682475 0.000000
15 114 -1.293963 0.000000
15 115 0.407819 0.000000
15 116 0.785511 0.000000
15 117 1.682762 0.000000
15 118 1.092962 0.000000
15 119 1.873531 0.000000
15 120 1.688470 0.000000
15 121 2.122030 0.000000
15 122 43.018589 0.000000
15 123 43.687251 0.000000
15 124 28.267390 0.000000
15 125 5.210789 0.000000
15 126 33.983994 0.000000
15 127 49.794938 0.000000
15 128 41.951984 0.000000
15 129 3.213799 0.000000
15 130 2.152005 0.000000
15 131 55.435038 0.000000
15 132 52.977430 0.000000
15 133 83.183084 0.000000
15 134 1.554005 0.000000
15 135 85.598078 0.000000
15 136 87.923027 0.000000
15 137 1.518855 0.000000
15 138 1.850668 0.000000
15 139 86.394063 0.000000
15 140 0.731954 0.000000
15 141 0.407819 0.000000
15 142 0.211253 0.000000
15 143 0.333155 0.000000
15 144 0.361491 0.000000
15 145 0.584354 0.000000
15 146 0.477350 0.000000
15 147 0.785511 0.000000
15 148 0.891214 0.000000
15 149 0.756599 0.000000
15 150 0.674253 0.000000
15 151 0.707971 0.000000
15 152 1.682762 0.000000
15 153 1.737905 0.000000
15 154 0.573966 0.000000
15 155 1.554714 0.000000
15 156 0.852218 0.000000
15 157 0.768482 0.000000
15 158 0.944211 0.000000
15 159 1.970256 0.000000
15 160 82.990371 0.000000
15 161 0.995202 0.000000
15 162 93.918821 0.000000
15 163 86.551017 0.000000
15 164 1.283174 0.000000
15 165 0.926291 0.000000
15 166 92.666534 0.000000
16 0 0.868402 0.000000
16 1 1.269796 0.000000
16 2 1.475683 0.000000
16 3 0.439844 0.000000
16 4 -0.053108 0.000000
16 5 -1.250878 0.000000
16 6 -1.324470 0.000000
16 7 -0.428588 0.000000
16 8 0.962073 0.000000
16 9 -0.864334 0.000000
16 10 0.530857 0.000000
16 11 -0.233177 0.000000
16 12 0.499000 0.000000
16 13 0.401050 0.000000
16 14 0.334490 0.000000
16 15 -0.291283 0.000000
16 16 0.692266 0.000000
16 17 0.353895 0.000000
16 18 0.653950 0.000000
16 19 -0.738483 0.000000
16 20 -0.433938 0.000000
16 21 -0.136596 0.000000
16 22 0.467130 0.000000
16 23 46.855717 0.000000
16 24 0.364160 0.000000
16 25 -0.256190 0.000000
16 26 -0.287756 0.000000
16 27 0.054936 0.000000
16 28 0.131617 0.000000
16 29 0.217775 0.000000
16 30 0.490870 0.000000
16 31 22.055848 0.000000
16 32 0.993992 0.000000
16 33 -0.040104 0.000000
16 34 0.180998 0.000000
16 35 0.457905 0.000000
16 36 0.016369 0.000000
16 37 0.135768 0.000000
16 38 0.821107 0.000000
16 39 22.790926 0.000000
16 40 1.079331 0.000000
16 41 1.421350 0.000000
16 42 2.351238 0.000000
16 43 2.735481 0.000000
16 44 0.017227 0.000000
16 45 11.357757 0.000000
16 46 0.384421 0.000000
16 47 0.741280 0.000000
16 48 0.366202 0.000000
16 49 0.450942 0.000000
16 50 0.007627 0.000000
16 51 0.548482 0.000000
16 52 20.537082 0.000000
16 53 1.352587 0.000000
16 54 1.645292 0.000000
16 55 1.757912 0.000000
16 56 1.519172 0.000000
16 57 1.981736 0.000000
16 58 0.946520 0.000000
16 59 0.431938 0.000000
16 60 -0.930668 0.000000
16 61 -1.392756 0.000000
16 62 -0.891446 0.000000
16 63 -1.239177 0.000000
16 64 -2.175800 0.000000
16 65 -1.155859 0.000000
16 66 -1.463236 0.000000
16 67 -2.010071 0.000000
16 68 4.414870 0.000000
16 69 -1.781687 0.000000
16 70 -0.578082 0.000000
16 71 -0.070769 0.000000
16 72 -0.262056 0.000000
16 73 -0.491457 0.000000
16 74 -1.747868 0.000000
16 75 -0.464388 0.000000
16 76 -1.242938 0.000000
16 77 -0.586184 0.000000
16 78 -0.130122 0.000000
16 79 0.381265 0.000000
16 80 -0.040953 0.000000
16 81 0.820384 0.000000
16 82 0.181735 0.000000
16 83 0.042109 0.000000
16 84 26.054519 0.000000
16 85 -0.534931 0.000000
16 86 0.613435 0.000000
16 87 30.488943 0.000000
16 88 0.272733 0.000000
16 89 -0.722906 0.000000
16 90 0.169244 0.000000
16 91 0.159528 0.000000
16 92 1.198155 0.000000
16 93 45.503917 0.000000
16 94 66.268691 0.000000
16 95 18.914130 0.000000
16 96 45.851468 0.000000
16 97 2.440854 0.000000
16 98 27.923846 0.000000
16 99 2.910818 0.000000
16 100 2.711245 0.000000
16 101 1.485742 0.000000
16 102 23.160685 0.000000
16 103 -0.803239 0.000000
16 104 -0.552649 0.000000
16 105 -0.363388 0.000000
16 106 0.339951 0.000000
16 107 118.656511 0.000000
16 108 1.748846 0.000000
16 109 -0.722906 0.000000
16 110 -0.610217 0.000000
16 111 -0.597943 0.000000
16 112 -0.676952 0.000000
16 113 0.169244 0.000000
16 114 0.192842 0.000000
16 115 0.001783 0.000000
16 116 0.172909 0.000000
16 117 -0.079709 0.000000
16 118 0.025154 0.000000
16 119 -0.004894 0.000000
16 120 0.106240 0.000000
16 121 -0.772193 0.000000
16 122 -0.795736 0.000000
16 123 -0.009755 0.000000
16 124 0.111540 0.000000
16 125 118.790201 0.000000
17 0 0.521856 0.000000
17 1 1.219746 0.000000
17 2 0.894194 0.000000
17 3 0.628670 0.000000
17 4 0.715649 0.000000
17 5 0.180249 0.000000
17 6 1.556854 0.000000
17 7 0.619581 0.000000
17 8 -0.779282 0.000000
17 9 0.721079 0.000000
17 10 1.318292 0.000000
17 11 1.339311 0.000000
17 12 -0.170207 0.000000
17 13 -0.648095 0.000000
17 14 0.396937 0.000000
17 15 -0.581059 0.000000
17 16 -0.326082 0.000000
17 17 0.446800 0.000000
17 18 0.797532 0.000000
17 19 -0.123360 0.000000
17 20 -0.679935 0.000000
17 21 -0.478033 0.000000
17 22 0.287427 0.000000
17 23 0.327057 0.000000
17 24 0.501654 0.000000
17 25 0.340640 0.000000
17 26 -0.052902 0.000000
17 27 9.421545 0.000000
17 28 0.374350 0.000000
17 29 0.510378 0.000000
17 30 17.034311 0.000000
17 31 16.276690 0.000000
17 32 1.162764 0.000000
17 33 0.869940 0.000000
17 34 0.572499 0.000000
17 35 0.682466 0.000000
17 36 2.976053 0.000000
17 37 8.468731 0.000000
17 38 0.034015 0.000000
17 39 6.744278 0.000000
17 40 1.146679 0.000000
17 41 1.406253 0.000000
17 42 0.450979 0.000000
17 43 7.692877 0.000000
17 44 1.474251 0.000000
17 45 9.829747 0.000000
17 46 9.690121 0.000000
17 47 1.583320 0.000000
17 48 0.777760 0.000000
17 49 0.710002 0.000000
17 50 6.085209 0.000000
17 51 3.589164 0.000000
17 52 0.544440 0.000000
17 53 2.746982 0.000000
17 54 1.374379 0.000000
17 55 1.001515 0.000000
17 56 0.757628 0.000000
17 57 4.012415 0.000000
17 58 1.554350 0.000000
17 59 6.018872 0.000000
17 60 4.204972 0.000000
17 61 1.394473 0.000000
17 62 0.827899 0.000000
17 63 0.116601 0.000000
17 64 -0.577543 0.000000
17 65 -0.289348 0.000000
17 66 -0.304057 0.000000
17 67 -0.541133 0.000000
17 68 0.246919 0.000000
17 69 -0.750928 0.000000
17 70 0.486430 0.000000
17 71 5.926981 0.000000
17 72 0.726334 0.000000
17 73 2.964250 0.000000
17 74 0.780918 0.000000
17 75 1.265486 0.000000
17 76 -1.635646 0.000000
17 77 1.832164 0.000000
17 78 -0.050229 0.000000
17 79 0.365387 0.000000
17 80 0.910181 0.000000
17 81 0.259734 0.000000
17 82 1.727954 0.000000
17 83 1.341223 0.000000
17 84 -0.048954 0.000000
17 85 2.256247 0.000000
17 86 2.175032 0.000000
17 87 2.008871 0.000000
17 88 9.715633 0.000000
17 89 -0.753028 0.000000
17 90 -0.491615 0.000000
17 91 -0.798227 0.000000
17 92 -0.850082 0.000000
17 93 -0.968406 0.000000
17 94 -1.683475 0.000000
17 95 -0.296555 0.000000
17 96 -1.950595 0.000000
17 97 -0.924279 0.000000
17 98 -1.491665 0.000000
17 99 12.851493 0.000000
17 100 6.428414 0.000000
17 101 -0.693045 0.000000
17 102 -1.430909 0.000000
17 103 -1.224618 0.000000
17 104 -1.453480 0.000000
17 105 -3.044004 0.000000
17 106 -1.620704 0.000000
17 107 -0.133122 0.000000
17 108 -0.616697 0.000000
17 109 -0.104686 0.000000
17 110 -0.439409 0.000000
17 111 -1.104557 0.000000
17 112 -0.240170 0.000000
17 113 -0.639365 0.000000
17 114 0.375070 0.000000
17 115 -0.887865 0.000000
17 116 0.587757 0.000000
17 117 -1.023176 0.000000
17 118 0.302050 0.000000
17 119 5.731766 0.000000
17 120 0.347677 0.000000
17 121 -1.159398 0.000000
17 122 0.788647 0.000000
17 123 -1.484243 0.000000
17 124 -0.257659 0.000000
17 125 7.953116 0.000000
17 126 -0.427894 0.000000
17 127 0.150863 0.000000
17 128 0.844135 0.000000
17 129 -0.547077 0.000000
17 130 1.386262 0.000000
17 131 -0.220707 0.000000
17 132 2.548959 0.000000
17 133 1.355240 0.000000
17 134 13.423704 0.000000
17 135 5.034517 0.000000
17 136 3.110453 0.000000
17 137 6.299523 0.000000
17 138 64.607563 0.000000
17 139 2.740830 0.000000
17 140 2.756962 0.000000
17 141 7.005435 0.000000
17 142 4.665191 0.000000
17 143 0.158746 0.000000
17 144 34.735427 0.000000
17 145 0.644860 0.000000
17 146 0.610969 0.000000
17 147 42.195933 0.000000
17 148 45.216309 0.000000
17 149 -0.292470 0.000000
17 150 -0.427894 0.000000
17 151 -0.391548 0.000000
17 152 -0.538077 0.000000
17 153 -0.777697 0.000000
17 154 -0.280834 0.000000
17 155 -0.308031 0.000000
17 156 0.150863 0.000000
17 157 0.026675 0.000000
17 158 0.221584 0.000000
17 159 0.342381 0.000000
17 160 -0.065231 0.000000
17 161 0.177640 0.000000
17 162 0.844135 0.000000
17 163 0.777385 0.000000
17 164 0.490090 0.000000
17 165 -0.488068 0.000000
17 166 -0.449845 0.000000
17 167 -0.691979 0.000000
17 168 -0.593426 0.000000
17 169 1.189986 0.000000
17 170 0.020567 0.000000
17 171 40.546996 0.000000
17 172 0.492822 0.000000
17 173 0.613316 0.000000
17 174 47.802659 0.000000
17 175 48.039210 0.000000
18 0 -0.417925 0.000000
18 1 0.403880 0.000000
18 2 1.080459 0.000000
18 3 0.114676 0.000000
18 4 0.566360 0.000000
18 5 21.074326 0.000000
18 6 35.287543 0.000000
18 7 0.731156 0.000000
18 8 0.647314 0.000000
18 9 -0.031932 0.000000
18 10 12.708944 0.000000
18 11 0.806661 0.000000
18 12 -1.330626 0.000000
18 13 12.163007 0.000000
18 14 -0.959504 0.000000
18 15 -1.064282 0.000000
18 16 15.401601 0.000000
18 17 15.686427 0.000000
18 18 -1.000430 0.000000
18 19 -0.702394 0.000000
18 20 -0.784811 0.000000
18 21 32.110844 0.000000
18 22 27.034739 0.000000
18 23 28.197818 0.000000
18 24 1.065091 0.000000
18 25 33.657001 0.000000
18 26 -0.966668 0.000000
18 27 35.976537 0.000000
18 28 -1.584195 0.000000
18 29 -2.200871 0.000000
18 30 33.955872 0.000000
18 31 0.967230 0.000000
18 32 35.721530 0.000000
18 33 40.861996 0.000000
18 34 -0.681361 0.000000
18 35 44.315078 0.000000
18 36 -1.781894 0.000000
18 37 -0.742547 0.000000
18 38 -1.323485 0.000000
18 39 51.859400 0.000000
18 40 -1.005901 0.000000
18 41 33.938673 0.000000
18 42 41.339832 0.000000
18 43 -0.667771 0.000000
18 44 46.319378 0.000000
18 45 -1.256796 0.000000
18 46 -0.835119 0.000000
18 47 -1.089824 0.000000
18 48 55.823029 0.000000
18 49 -1.241662 0.000000
18 50 13.326978 0.000000
18 51 1.867738 0.000000
18 52 6.749480 0.000000
18 53 17.950341 0.000000
18 54 -2.022578 0.000000
18 55 0.681879 0.000000
18 56 15.745029 0.000000
18 57 -1.352955 0.000000
18 58 -1.724925 0.000000
18 59 37.484872 0.000000
18 60 -1.620233 0.000000
18 61 23.533228 0.000000
18 62 19.129226 0.000000
18 63 -0.545442 0.000000
18 64 -1.843147 0.000000
18 65 7.860886 0.000000
18 66 -0.818669 0.000000
18 67 27.385489 0.000000
18 68 -1.092256 0.000000
18 69 -0.949717 0.000000
18 70 30.285877 0.000000
18 71 11.904796 0.000000
18 72 0.232987 0.000000
18 73 13.493131 0.000000
18 74 2.776637 0.000000
18 75 -0.263299 0.000000
18 76 -0.605947 0.000000
18 77 37.226522 0.000000
18 78 30.003889 0.000000
18 79 -1.536653 0.000000
18 80 13.802052 0.000000
18 81 -1.682072 0.000000
18 82 -1.516958 0.000000
18 83 -1.291788 0.000000
18 84 -0.945354 0.000000
18 85 -1.340362 0.000000
18 86 19.169207 0.000000
18 87 30.124139 0.000000
18 88 19.674487 0.000000
18 89 -2.311816 0.000000
18 90 -2.149737 0.000000
18 91 -2.163871 0.000000
18 92 7.661542 0.000000
18 93 -1.947811 0.000000
18 94 9.258182 0.000000
18 95 15.305910 0.000000
18 96 0.258555 0.000000
18 97 0.103913 0.000000
18 98 -1.731399 0.000000
18 99 16.896224 0.000000
18 100 22.947430 0.000000
18 101 -0.536885 0.000000
18 102 -1.708955 0.000000
18 103 30.973182 0.000000
18 104 -1.658781 0.000000
18 105 -1.302809 0.000000
18 106 20.256373 0.000000
18 107 58.493362 0.000000
18 108 -2.198658 0.000000
18 109 -2.304929 0.000000
18 110 55.302644 0.000000
18 111 4.250019 0.000000
18 112 22.198320 0.000000
18 113 -1.704216 0.000000
18 114 -2.307022 0.000000
18 115 4.573515 0.000000
18 116 -2.072105 0.000000
18 117 -1.738093 0.000000
18 118 113.998112 0.000000
18 119 -0.873513 0.000000
18 120 -0.085718 0.000000
18 121 5.994286 0.000000
18 122 -0.935118 0.000000
18 123 16.647051 0.000000
18 124 6.278052 0.000000
18 125 2.314477 0.000000
18 126 4.860916 0.000000
18 127 32.261691 0.000000
18 128 27.396209 0.000000
18 129 0.590306 0.000000
18 130 0.072102 0.000000
18 131 124.816904 0.000000
18 132 116.990055 0.000000
18 133 -0.928175 0.000000
18 134 -0.053041 0.000000
18 135 8.491687 0.000000
18 136 33.814670 0.000000
18 137 -0.621666 0.000000
18 138 35.531830 0.000000
18 139 -2.544652 0.000000
18 140 -1.258482 0.000000
18 141 34.419436 0.000000
18 142 -1.074582 0.000000
18 143 -0.932912 0.000000
18 144 -0.873513 0.000000
18 145 -0.844596 0.000000
18 146 -0.851586 0.000000
18 147 -1.009414 0.000000
18 148 -0.727465 0.000000
18 149 -0.651459 0.000000
18 150 -0.085718 0.000000
18 151 0.024558 0.000000
18 152 0.379268 0.000000
18 153 0.018576 0.000000
18 154 0.284706 0.000000
18 155 0.243641 0.000000
18 156 5.994286 0.000000
18 157 5.702472 0.000000
18 158 5.636443 0.000000
18 159 5.625953 0.000000
18 160 -0.520951 0.000000
18 161 -0.791981 0.000000
18 162 -0.692531 0.000000
18 163 -0.615114 0.000000
18 164 16.599871 0.000000
18 165 5.948017 0.000000
18 166 5.981755 0.000000
18 167 6.175063 0.000000
18 168 6.081879 0.000000
18 169 33.487829 0.000000
18 170 -0.890236 0.000000
18 171 35.539205 0.000000
18 172 -3.093453 0.000000
18 173 -1.105568 0.000000
18 174 34.164865 0.000000
19 0 196.951335 0.000000
19 1 53.942229 0.000000
19 2 79.144015 0.000000
19 3 99.802967 0.000000
19 4 262.903278 0.000000
19 5 179.383964 0.000000
19 6 193.449807 0.000000
19 7 38.294119 0.000000
19 8 82.172893 0.000000
19 9 247.303482 0.000000
19 10 -4.486034 0.000000
20 0 1.921185 0.000000
20 1 1.495906 0.000000
20 2 1.684549 0.000000
20 3 1.812580 0.000000
20 4 1.533449 0.000000
20 5 2.092674 0.000000
20 6 1.861033 0.000000
20 7 2.441001 0.000000
20 8 1.865068 0.000000
20 9 2.389754 0.000000
20 10 1.845659 0.000000
21 0 13.204016 0.000000
21 1 -1.302664 0.000000
21 2 -1.119492 0.000000
21 3 13.204016 0.000000
21 4 13.127284 0.000000
21 5 12.520808 0.000000
21 6 16.272386 0.000000
21 7 16.020859 0.000000
21 8 -1.302664 0.000000
21 9 -1.122831 0.000000
21 10 -0.887031 0.000000
21 11 -0.868252 0.000000
21 12 -0.903637 0.000000
21 13 -0.798540 0.000000
21 14 -1.119492 0.000000
21 15 -1.157214 0.000000
21 16 -0.850140 0.000000
21 17 -1.169276 0.000000
22 0 21.575446 0.000000
22 1 -3.596979 0.000000
22 2 -3.623398 0.000000
23 0 207.487523 0.000000
23 1 83.316137 0.000000
23 2 31.294483 0.000000
23 3 211.305149 0.000000
23 4 50.377681 0.000000
23 5 56.325306 0.000000
23 6 242.563752 0.000000
23 7 131.116564 0.000000
23 8 74.432408 0.000000
23 9 -2.323249 0.000000
23 10 -7.003423 0.000000
24 0 -2.111795 0.000000
24 1 2.129054 0.000000
24 2 -1.099133 0.000000
24 3 -2.210288 0.000000
24 4 6.440191 0.000000
24 5 1.337528 0.000000
24 6 -0.391954 0.000000
24 7 -1.018675 0.000000
24 8 -0.845808 0.000000
24 9 -2.317207 0.000000
25 0 -2.624352 0.000000
25 1 5.368924 0.000000
25 2 -2.649200 0.000000
25 3 -2.329602 0.000000
25 4 -3.021622 0.000000
25 5 -4.770737 0.000000
25 6 -3.403592 0.000000
25 7 5.495375 0.000000
25 8 5.671841 0.000000
25 9 -2.401153 0.000000
25 10 -2.320175 0.000000
25 11 -3.755102 0.000000
26 0 -3.553982 0.000000
26 1 -2.576291 0.000000
26 2 166.768490 0.000000
26 3 -2.688291 0.000000
26 4 177.114994 0.000000
26 5 203.231435 0.000000
26 6 -2.908094 0.000000
26 7 -3.519283 0.000000
26 8 -2.579924 0.000000
26 9 170.742613 0.000000
26 10 -2.704570 0.000000
26 11 185.160243 0.000000
26 12 199.725213 0.000000
26 13 -3.064857 0.000000
27 0 -3.266952 0.000000
27 1 101.462761 0.000000
27 2 94.715918 0.000000
27 3 69.223103 0.000000
27 4 86.640053 0.000000
27 5 -5.087728 0.000000
27 6 29.165027 0.000000
27 7 -4.492956 0.000000
27 8 92.457066 0.000000
27 9 34.421746 0.000000
27 10 103.017991 0.000000
27 11 190.420383 0.000000
27 12 -5.322140 0.000000
28 0 -6.222437 0.000000
28 1 -4.423553 0.000000
28 2 -3.238780 0.000000
28 3 13.255916 0.000000
28 4 -2.639573 0.000000
28 5 17.683335 0.000000
28 6 28.844103 0.000000
28 7 0.604746 0.000000
28 8 13.120628 0.000000
28 9 19.411884 0.000000
28 10 -2.499167 0.000000
29 0 68.903963 0.000000
29 1 64.454871 0.000000
29 2 64.745809 0.000000
29 3 -8.010512 0.000000
29 4 57.932453 0.000000
29 5 44.636072 0.000000
29 6 58.827181 0.000000
29 7 -5.630975 0.000000
29 8 33.891940 0.000000
29 9 -8.625558 0.000000
29 10 50.256668 0.000000
29 11 2.596155 0.000000
29 12 -9.141477 0.000000
29 13 -6.545554 0.000000
29 14 -7.515371 0.000000
29 15 -7.943459 0.000000
30 0 -4.585448 0.000000
30 1 -3.069454 0.000000
30 2 -4.429289 0.000000
30 3 -3.405886 0.000000
31 0 -5.861606 0.000000
31 1 24.089392 0.000000
31 2 40.870101 0.000000
31 3 38.861201 0.000000
31 4 5.208762 0.000000
31 5 42.807608 0.000000
31 6 81.950600 0.000000
31 7 54.873062 0.000000
31 8 10.395201 0.000000
32 0 -3.180393 0.000000
32 1 7.143982 0.000000
32 2 -3.144442 0.000000
33 0 8.127971 0.000000
33 1 4.282759 0.000000
33 2 2.403288 0.000000
34 0 -0.677488 0.000000
34 1 -0.466395 0.000000
34 2 -0.578564 0.000000
35 0 0.511923 0.000000
35 1 0.431079 0.000000
35 2 2.829693 0.000000
35 3 0.587117 0.000000
35 4 0.511923 0.000000
35 5 -0.316219 0.000000
35 6 -0.710403 0.000000
35 7 -0.588759 0.000000
35 8 -0.445335 0.000000
35 9 -0.026771 0.000000
35 10 0.431079 0.000000
35 11 0.454923 0.000000
35 12 -0.077423 0.000000
35 13 -0.043595 0.000000
35 14 2.829693 0.000000
35 15 2.839155 0.000000
35 16 2.344328 0.000000
35 17 1.117248 0.000000
35 18 1.463172 0.000000
35 19 1.228027 0.000000
35 20 0.587117 0.000000
35 21 0.652332 0.000000
35 22 0.129782 0.000000
36 0 -0.060481 0.000000
36 1 0.375104 0.000000
36 2 0.370329 0.000000
37 0 19.263157 0.000000
37 1 173.821406 0.000000
37 2 10.832507 0.000000
37 3 18.009704 0.000000
37 4 177.192464 0.000000
37 5 168.575901 0.000000
37 6 15.068365 0.000000
37 7 -1.621859 0.000000
37 8 19.424125 0.000000
37 9 173.982745 0.000000
37 10 10.746873 0.000000
37 11 17.746820 0.000000
37 12 177.667116 0.000000
37 13 170.190488 0.000000
37 14 13.024530 0.000000
37 15 0.692190 0.000000
38 0 4.954638 0.000000
38 1 1.478688 0.000000
38 2 10.362039 0.000000
38 3 3.919031 0.000000
38 4 4.167410 0.000000
38 5 7.836621 0.000000
39 0 -1.466808 0.000000
39 1 5.152153 0.000000
39 2 2.353103 0.000000
39 3 3.535321 0.000000
40 0 13.445480 0.000000
40 1 19.893447 0.000000
40 2 14.036255 0.000000
40 3 1.844894 0.000000
40 4 12.403854 0.000000
40 5 11.855116 0.000000
40 6 14.754912 0.000000
40 7 21.848548 0.000000
40 8 2.830699 0.000000
40 9 2.106351 0.000000
40 10 1.899529 0.000000
40 11 8.588374 0.000000
40 12 18.785655 0.000000
40 13 18.319035 0.000000
40 14 1.963999 0.000000
40 15 10.520057 0.000000
40 16 20.846415 0.000000
40 17 14.810931 0.000000
40 18 14.611304 0.000000
40 19 2.833148 0.000000
40 20 2.567043 0.000000
40 21 2.085976 0.000000
40 22 1.832874 0.000000
40 23 1.995756 0.000000
41 0 -0.433380 0.000000
41 1 5.000211 0.000000
41 2 0.003488 0.000000
41 3 -0.433380 0.000000
41 4 -0.069754 0.000000
41 5 -0.530691 0.000000
41 6 -0.391988 0.000000
41 7 -0.429331 0.000000
41 8 -0.422984 0.000000
41 9 5.000211 0.000000
41 10 5.380096 0.000000
41 11 5.263780 0.000000
41 12 5.474735 0.000000
41 13 6.557958 0.000000
41 14 5.362404 0.000000
41 15 0.003488 0.000000
41 16 -0.301154 0.000000
41 17 0.010364 0.000000
41 18 -0.461848 0.000000
41 19 -0.179233 0.000000
42 0 -9.392815 0.000000
42 1 -4.225748 0.000000
42 2 73.235486 0.000000
42 3 -6.858309 0.000000
42 4 84.284803 0.000000
42 5 74.288815 0.000000
42 6 -9.415343 0.000000
43 0 -3.073988 0.000000
43 1 -3.168499 0.000000
44 0 -2.103638 -2.103638
